47
175195376015895502 981708259806009820 98862
618790370262078106 847068653221487463 9773
153827951421584259 202546626277505683 29979
374722326362652914 443982316468732031 67285
742975507115653658 857030976616830283 37645
284661480947949812 462439316007202761 35112
220743794870215456 861241970192511098 59449
189756633747572325 488753693162874106 64592
667006105304329654 766486793415959153 10933
46770396824729709 904302434389467720 96465
100605721710495472 113252395862265331 74575
41368740808531441 232178801184231382 74627
683399615295646304 908136442906363806 26723
69638403863250405 903642522577151867 95734
269154500083980852 432813467443202389 70504
329687822286889948 368502914044200535 39438
145792285122116042 528498764665833243 63404
463743987455651588 942073951704124693 42258
225069754649117109 651294802194921483 19433
8709216394717166 581837632482238188 82530
129557427547876640 359239354682067537 12550
119232798299243510 843359732642429969 51222
93807432200021333 963119835131148744 18731
58568577116329450 341641281567737133 77666
395641394136723400 786610190577106081 28665
34295653270268999 829431765425178189 14873
288796840726442136 611168224199711211 32961
5642657605626532 479791607080991248 22001
543271164727785633 883116181378038295 49252
522197755309960613 973668992903282009 19828
41148820996900369 941278708677790226 69351
503440534984807577 529858684446937574 2140
95419044470456086 190699505069713147 42796
28382408804323662 702960886346512961 56972
249916682924822456 796161752797695655 38476
45877992449557661 973359572382468732 61742
35862098873402765 634115319943688721 42599
110733063490962056 111287143261450105 64899
142797275995483906 862921595543850216 23558
312631792161568428 416321892141500779 44935
161963409089681606 805083613597045486 1485
267386571532395573 819412128228439552 82457
689527858023108859 946211614194614400 37823
612346917809467554 917174755719923567 28676
284063235486064918 754702531675815456 50548
241463735312264828 475174558074482380 25708
104313184890458446 172644115045263456 29511
