39
345664406582786818 424478295843130821 91839
655765599830232920 953188281937387766 54262
39699638299434726 227189750750877756 70356
687208260421564612 934388198720270412 63883
312967738697854246 408602728519491869 77198
320278981836094277 964299072640015739 27955
751414986506905375 776252078775684997 86325
91662235813565643 462762421253310792 77882
108143930025921221 396901181521632620 234
193423340007022227 800880593232700503 66525
461455965888249695 928659083001601524 44735
436769893926755271 593735848057464203 38195
339640441997335121 349839578202278643 80969
348891687941753233 736362780156258833 18564
518004200689784441 845653490312980901 47825
648096104242131068 919394187089143320 73570
166736547626856177 310520367872015633 865
432993473290262320 809750287928778802 98421
436619774757775240 604561936262670171 54086
785119841410327242 945800958340041665 48535
24474971824617519 246633065942035491 53609
107181126840861149 841275443255902031 74084
210704944256189945 655582448893030418 62899
310484076451319403 625700719481176490 86673
584067567319375377 612596665875136752 820
11356934792856552 748722583318183826 33969
106216444535833085 569171144861098778 77714
172096446823482243 307355374706473198 37026
183412406782884219 678260160080039786 95506
89886824187997671 538580388812470233 50376
1612283589061718 268223846846002327 89885
82945919197413749 378726149384594182 90163
31572251366215408 945455849341338408 17811
287919507265478131 572300891508544271 54565
406103810487612372 726698684040553550 67416
83192915863129676 375595874498658436 50195
297327643031162084 508225112230358370 56917
257291690132898672 945476411636161573 46574
644441162626776202 722662504703519113 41071
