18
507045681187843426 745056572823531541 48877
780066229216766389 839173409387213080 63613
730579871362632284 895784519740768367 36376
518354996488470387 812396102250266842 47557
143314724782642791 263627063250718028 66315
48572042231919766 689662848521347797 87448
590569223203808646 774935819779651749 8559
97339130395670915 150257154489164172 99832
623939315315404912 873403183562392949 46410
7610012971963196 164670671902233856 88781
419421631203258276 792300392747580438 80324
188384877780562785 444646377813313228 45832
449073466281353287 842105657965103330 32125
818515075547162557 862444173217246062 7625
70076198553401350 649638838809863415 15945
31819352890353 716451121376881617 41064
571182438127466167 663709158777305161 83515
228684290605830056 980444893056874998 80047
