36
497697355534559509 606760766275651364 75800
703155887421105012 963622782157978510 68272
518966952315822487 969984580779809595 46944
589924110082358568 907442028243428309 83191
832759650341797519 932716347589624227 70678
296218772915525261 971256573862884815 45881
534805782550946067 870851448724440556 17596
399717051064357351 823786901045883200 96047
348170942079544843 905735668270838583 86596
453963128663177835 748966654676934397 14639
265881022264432487 527054863632837937 47849
119434479670623657 141890599916301360 93896
496069900397777945 580324494437458371 17081
752408770027132496 899036033583472024 42282
29748924768564821 962934419866111222 87115
350592773613281805 444623978048339142 21618
217452840286294439 954772898203228750 28025
362339610492337128 557467929804414797 41609
218787414566032999 443600288654719367 44420
106475928126573499 647017148020291535 61083
790665154540747067 879633344583640713 58881
174641405897223170 452866387176533496 3224
289269583373889119 348003574825410222 54583
475932494626122644 859589215342930666 37609
156061796772231263 629010898224775252 90656
419342744161513125 654198160742393549 45334
733157111786775154 847063544007742412 89604
894072608993053179 990918328565849793 69427
816920341125001389 925775065001869229 41508
358389976953500125 459364651579501495 97851
196680003298521179 886571241739555324 47350
407905344812151556 646296870487833412 20996
539837668293923456 666416851641044983 7991
96746245477661386 784244658696528508 38036
536552461089141594 646471588639229607 43272
721476513075651483 986734934388090639 54773
