46
252548096325874861 816596460952991836 56825
478835745561575061 820198607617664306 87986
707710476031794651 813190646319683106 65469
43861761656206996 815803847805915578 15733
889074892585684888 989482728007921766 10126
33279144327369526 90865464598007566 96314
114170093829107669 838865957627133719 71845
31276304933197937 914913250219642177 8719
630070480449044024 755880485576643475 93040
745540933135221610 858578433143655119 66117
177038146889255749 481591636265028471 28503
124037413442498455 182753239943668871 14078
48710285569225390 679343221443513789 43267
106771848335821032 482303169525969296 48771
523498428619525646 541072603017596852 10600
40144644677924304 284581847446218492 563
621664079450205879 885679046133511449 61453
108575371430200822 713207544709688450 52813
639789578646209147 754295703951206373 80474
46663439729186302 510844718783540405 22965
100080984817356394 679192385665383497 354
338908279383080749 994121586911331489 87887
184788677455172918 473423756551295207 73596
550880916324430339 795539339016277675 42191
310093854519750647 439571042315067512 45761
124655490598613023 913046475235957219 58045
254821734597420653 633976198233610605 68514
131038589775374350 510006397280677372 89679
655146150013111959 913949952621465137 73360
90869781492395630 356986220909923782 42917
34396058047105967 789197666728545278 48205
497643360676443124 845830363404096546 66881
303101917474188775 988233527441371400 30065
63648283764703829 442640603180420152 66071
45061955227780948 614579275038438958 38721
137824518527692790 972050393459871593 47678
556171912793908433 908257376270229428 29720
445351623974572603 648415821854299601 19510
79765900275038769 488107436705589995 89286
91031990868244410 419207756065520853 92039
773281298410378186 869254634124584957 82243
318850584734297111 578672423884088556 27736
266277576686869727 520348079887121584 68033
188051112852832712 268760357933685072 36129
575904230668489514 881534652178185424 78949
850407422010792892 992972736677433904 45787
