26
98426448346433087 234758788241362753 27647
144874721252643634 600415352405735067 31873
133916253501134053 617334932103970044 41169
3533805894623058 996172114553988031 26933
65054124951647050 642848992658798256 88039
36134528440574068 518769183721778186 45761
60615065682598802 131436722727066067 62152
431287222136627218 622765333226079660 29732
234931824208489474 497436635977562760 1973
120104243427855143 458669138363101266 6541
172953145992942985 797690283945261686 12439
328732821135459898 920800348268392918 9824
393751074081175505 660565874079813766 78387
473252814923875811 783294038176871355 45765
207541203843782758 630980934787876815 52072
362434786234248419 464385790530964726 80358
326457942517829841 970360064441054101 41722
135686014864450835 440787968578441593 16492
42473443864977033 161988107534728998 50111
48578221242619319 732763056361942825 27951
25404723448101881 84641548950558763 88691
683830094676029885 845540375062601847 29213
576908888398777206 977622358255693915 44810
605349691005399166 720932994288734582 76593
23505018320403568 606050275001070472 51726
321067528469227995 768670897583021722 80147
