49
1590629037968540 672447844043249003 46916
95081820848858427 562383733895472411 37137
490066736914852769 991072323328810491 86355
306534607487331837 954359086413080668 28593
4567098959489122 805634587000679527 56778
676685760761373567 950499918909815381 88690
176537612058036302 686209076044358444 41348
711480772298419696 864631308571506604 54278
494449262389601143 672900016525336352 91769
475755429920898197 969695388518467719 81147
508301775380789122 665309724605887240 95311
790299434063508517 996159051115032939 77182
598139037956175607 908846375064859225 93769
817576701507622956 943330051934332540 77825
914947858058091274 944110199476357739 29133
458772540746586558 941156690915408118 66342
942909299852140424 956457071598008742 4135
494431559614382023 566468319337425199 49661
674261163857566382 822362675004547177 7599
352484696068853780 545223998548043511 2309
191711998494052396 992005071196201382 29938
437811963945020747 979907757979534251 68565
164390440642412855 833435371071685155 5940
16918329907917730 526480433460604471 2705
54366574326699486 771726515947732381 70726
89918556024742276 256279876993235829 58352
33179615307303291 320660110317312965 46618
329665082461220211 606726782050674667 68662
710058024696271055 810272697278408558 66874
250972248876991458 982298620523652641 54567
7989793561145798 494262964921474429 33365
527281264055969660 620736131100490646 1900
35776466158014780 67369716000353851 60120
124171334380477556 696456967522302590 72150
8160361980146838 942759772094160234 72402
418092866168757077 498904967969023916 58368
870933889861898066 946407434793162540 28745
300884129780585101 801971529499070900 28209
487019183932197323 924002935736300190 11435
167830806104600354 528382346144709627 12668
212761308020158722 437946077222822954 18308
31677275437711605 373830789852947970 15907
761294283899366067 881215659620904963 64637
201371752946694957 639056992582403156 64885
69186288095138172 311612673426250637 37620
228696452991903856 806348930443204317 99786
97937103360561678 795048693031858945 55316
573759668254191458 924179567528737711 3872
63239589740777959 793783419568831459 2903
