37
11901999062196492 233722919528422864 20697
421532268256609155 445521964790302519 80590
229245285637960917 854938544501289865 64838
163969840101123246 979686869945490214 62173
17725964623340205 218001368961725264 94519
580663029060458626 869897187555749018 37033
737572708384365311 806480310700021410 26666
780831688099993269 850860761582300599 25579
124349831957382079 937600727722518559 12850
246701715345219514 998495071571359014 42523
810559972379335061 970050291077757117 84080
226129487177438217 916248328796986331 46056
53436858417460531 523993203967457090 62443
365223776612886524 648448957987983877 98580
266320234738518634 404664131069552230 77298
844589735272046633 880178386815853666 27691
6165126842118702 204802373118828645 8212
336643128008079410 515355889227161517 77281
443698696743872488 676603130714419793 81308
82982369796636110 299671024159019526 67555
320457577158178386 946248169239376495 53769
855928572886541958 872095659063306641 61268
731436872218962372 821783587489597045 2718
113648534417649134 906238593033693462 88454
372719154839364395 437624970740683944 61900
484853818556597979 951927724946482059 17054
388334359436026305 964050413506873198 43153
102553070720596913 975399650473547024 98374
563379111627704940 822258622381585952 19534
665245494266304654 737876629079287178 69180
534376183831404986 805945825956193136 18438
60915984863315763 645514733472007855 2265
105503303554259391 154118832568111923 72879
58479580593810086 133917200796355421 90608
187212012750234625 813408136982238013 46460
429973673573527316 728101497646248262 35408
93676816856724731 412465759948282397 40114
