40
107946156111278227 810882557164241639 8660
242840111229626406 783396672654442534 57645
791032382897749030 978727459487434813 14319
701100521506329320 856734664979577658 34508
117449623073213241 931476706926420665 24094
874339669892765784 927219503903187111 93153
463027652909883077 986563706242034055 87748
520908049291113637 842356953941873141 67503
740858571712020334 924396352131069328 1319
456059583834231115 726827582998916062 22501
264286862071262869 324310247812794443 39098
141047871710377409 822539653748953484 52907
368172305120105291 796619536117500100 85276
111885769248046264 221235094195626864 23889
491837097988741223 760616046710059207 48213
211158245423536075 744349235002042122 35974
149685850142174880 581470152108831799 31282
67698801116306183 841911830920062661 58277
481689922110573184 690814681656472073 63549
137572003718339144 974754071837037951 85702
300796568696498931 942275593626413014 86625
14386371900740726 507048655548161961 95627
195206487383582148 999668267410192880 68490
589164085227919282 801457120496945399 91118
533624603484074835 651554004538841307 46305
652328209094546090 998258530384033970 1502
64611480821538239 563578900771984151 66133
132729269015251186 184188371567424108 37228
247406193951044410 921335334143362576 93374
34561301489921288 917477030063954716 2387
405261205935618261 539890339626406642 70772
611910465050900039 741839927935185580 47208
99760916978335320 699909192636591835 8639
459422780065281915 885656170679110618 34053
37859147838928608 122561708691850474 33027
832856498437733820 860103079436130437 83921
360851996974182323 886101178370445000 45640
397814219339020002 580447949856034618 55741
553034312179424798 909774196438172494 94420
631498638541379841 978472208141470092 12178
