29
342925547433098731 709843318914185899 74635
376541633847065687 642889549053416095 82289
185543864711755506 821713905567552602 72268
192072007027075174 941317503382182721 96329
423252503199721837 622275672839193608 20646
81707258041920307 84743982505441323 20314
463303223454607315 930475897089089150 81322
259365718433395513 338548525298494590 99200
74584927959175688 363261571350088590 91143
16712416002506977 25448229180372497 26370
148161947580564141 317484290024806545 22792
343333874758559187 646241813580991689 63756
509854081989825064 589754884688956978 72549
526425014215823521 635590849843261524 89440
193591560011007850 713370923201032403 21588
343659404812047395 634072458459549520 44273
115240436186010550 285273142663464853 47677
551121820624313109 839425665257371333 88522
583948684600497686 895967600090799617 13977
152482922198804806 285142496418927262 92985
609322353744684869 709077589615253068 22951
255881780434538460 882545167717450179 39603
462377176203369465 491653659780363720 60130
245363185278578470 348359379628842077 23029
436505844254864905 884022982360966755 79391
313459985931680033 726434679593559021 16087
415252475739011616 530220627892985020 91477
212203625121931999 645758986548601523 56795
24519026086878720 181556848149745738 59276
