40
482361186269309734 729084385102600386 90006
302589604824321154 377628644016500049 44278
631445031197202334 904501391229709557 9009
598259172379140871 806835480569220808 17850
510186711939657022 724966449191309769 75651
393054738314621376 793609914280302251 2992
223284939904480725 640002350521870112 50902
299766110835421267 435429215315906195 36568
824608769850138267 968158215295208829 52779
58008003545774079 615902665556832605 48295
518223156164842443 818011724643793428 45710
434410326608498479 846931299740991693 92549
527008117946532760 919212648829601951 11517
288700725089122674 707180070157402199 75045
73308217984424880 309827669483527294 83334
768446393115763405 778787425459953773 66757
584652689742722842 590074169591321992 46419
719877445306510859 777100231876736996 3749
179052345723820599 782843636072913397 83870
181945532222523201 903478929755320968 90177
312236413656789022 630848452262829644 99998
506645224179346657 966857669878002007 78686
645104713642984490 893729868258419067 46686
373787150165558911 464231812997510053 6874
60106022642137041 943649804047628771 26076
248327892556894808 323650989080558987 97559
617196278676267795 822220603469089412 4958
448502597015186565 531863945913807571 3029
210037809098900263 304323906634396311 75892
189556146709638552 264826980885127244 2546
3018453365843500 26012169996015535 19678
463937459717112598 621094285054966269 16272
3734976890383482 992048465193104119 57988
36591623207335206 534604383832100790 35184
169750218315818806 578700666677671915 75190
807158348689524681 899409688393105652 98396
718295619791822176 896854402632558290 64120
302423374530280220 570503902852193170 23397
374617774344132173 467413750580963160 75321
150861867271101643 537612029463959822 32448
