34
86875767614667970 730091520003494020 72421
8310897438754750 819862604035153372 11578
42454504769848215 195299147065285619 87863
750161357996700199 834683694107685501 4900
123674147954975178 583719843656461949 63110
262934804484839394 435850651524972930 63031
48765242510125269 767660688216337445 65535
227634407447734914 450393863516784731 76774
90010345180828292 96013536555239410 25578
860201473821800044 884894766778570517 33970
242496816697494920 824642587287825325 64581
333248575558521607 610365405973744584 79754
543706788078189952 631112701251548686 96222
235075410628069219 955426415572676041 88594
261021623817235920 584764276897304010 35196
380011881504490734 987239403458498923 42628
717930149065094021 861547881952315956 26501
439296213802892248 779411280154975433 42694
426708541025440075 564253267331549659 61997
173291137524276419 990158945533922847 7053
339666316473527561 414205849983024291 68566
50339315870122917 448247151878401225 6774
151145152512309135 894396141263243849 79450
573706605700788021 597376418955041707 56515
79372957047791955 909322956777271829 36985
55027083767079686 537761797123348520 71848
726259027281634711 861202315195389881 97765
129145816718050259 375161701331279070 82212
346352481865330968 902342797388909178 40056
215403532031346153 798158277346969779 58645
57551584469178434 819406908160168631 26955
242953816445538750 648978733938582412 15425
480970102014560536 840896336800886907 69240
129002310698753161 753898309604246998 5908
