26
365489824868551229 867157236657676453 40771
209805188374066104 870400648787531523 67624
388322959686861802 586127139136152100 83251
95112431008785231 348277032137886829 85751
555205048031052404 880888407206893991 31376
585326559327232666 912427656221653927 26331
128708157966885814 429309940377087109 50051
464289187788805203 601093086267235277 43320
548759342968586408 588565927445323974 49877
88801853238292861 100372242237479352 61215
532283903918805939 703914411470179866 30683
101825971254847328 831969710746132968 42670
137900425965492395 996842079808505476 97731
124797684687470370 944191551963463484 16092
668063522578292628 718459384035885858 27694
90824675107490092 166263001160479186 79788
93514969036380495 938138778948008242 46438
69450350656285650 243455564089027369 57250
249583756998447755 896475833548659722 91305
663390570080371530 732288497512565076 23313
607747125770682021 709439955521113368 27015
639916230682027080 671937347823925818 95830
386714142966057194 683936333742182899 78438
587196886006780007 875474375482809485 58026
207094478933763215 702522402967832062 98072
148715323619618374 153217565964792002 48981
