22
608321268578472240 686742154730249546 68555
241872041893841831 796075879080038648 82767
89868928550834941 161946897709532566 79735
281858211210837199 546027747559110894 73065
290928793064194753 574066122688194755 36763
29605632709959178 744929242053917881 81085
502049666434317223 641998156548726269 42920
369252340487112217 947444212297003019 44858
80482801928097251 785051203868971983 16563
825858559519712756 986069310515658499 19696
216519303962939151 723746550081479192 69269
140214023794657154 357332023064674774 13376
566514406072986507 839001735977923963 90838
806665174756660611 960391196512146779 70132
356162635575268690 704891115946076380 37160
366314323032921776 569531880039535429 1710
365166406215392899 986056930545022968 16377
628064131314291603 933298979317885620 85075
72444477788329795 480602118574069674 5522
468678603950867717 528420153029759723 16929
455585135580161196 826804775137309870 41138
475915586957923413 779922496706423342 22833
