196
5334 2 891
1610 2 829
4400 3 549
7881 3 569
9936 4 467
2976 2 650
4007 3 955
6415 2 151
6902 1 500
708 5 240
7887 2 568
6735 2 353
6224 5 717
169 2 702
4487 2 254
9202 5 615
4223 1 124
4840 5 59
8736 5 105
8291 1 784
1188 2 836
5061 3 570
7270 3 976
9352 4 326
5711 4 386
4015 5 366
7388 3 951
7470 3 87
932 2 149
5684 5 52
6355 4 139
6732 2 82
9851 4 696
8873 2 900
7328 3 133
8214 4 435
6789 4 874
5791 5 914
8023 3 446
3667 1 694
4413 1 563
9930 3 749
9265 2 106
6720 1 662
1376 5 213
8900 3 772
6306 3 899
313 2 955
3979 4 733
2008 3 805
3369 3 666
8829 3 510
624 3 309
3691 3 24
1053 1 109
951 3 870
7596 3 734
6168 4 27
2492 1 973
1993 2 691
7267 3 10
3304 4 705
7928 1 563
3584 1 357
3801 4 679
4296 4 321
7473 2 417
7036 1 159
9423 3 928
70 2 207
3040 3 642
8913 3 146
5102 1 714
8578 5 243
6880 5 847
7673 4 56
4112 2 468
3726 4 927
3153 1 462
1945 1 403
4516 2 380
6297 2 858
7110 3 479
2762 2 995
7933 1 497
1671 5 492
6128 5 292
3663 5 736
5832 3 117
5145 1 646
5660 1 114
8664 1 982
4866 4 98
2802 2 193
2534 4 202
3629 3 27
1660 3 963
9224 2 504
3482 5 496
3550 2 243
1766 3 695
6191 2 568
5632 2 884
1296 2 195
1592 4 587
2066 3 967
9687 1 608
1303 2 13
4794 3 651
8757 5 730
6933 1 488
1018 2 514
355 1 320
1989 5 710
1353 3 470
5795 5 590
9332 3 493
5701 5 854
2604 5 14
8318 2 280
8587 1 749
9626 3 963
6144 1 274
4235 3 276
9390 4 681
8096 1 130
4841 2 143
4271 1 147
889 4 480
8532 1 4
1525 5 343
9840 5 787
8159 1 950
5582 1 349
8612 4 257
3823 2 869
9099 3 172
1843 4 748
606 5 779
6792 4 563
7210 4 872
6065 1 275
5779 4 431
1416 1 9
4612 1 526
563 5 383
6054 4 268
5617 4 164
9463 4 781
4450 3 388
1021 5 524
4460 3 539
7470 1 178
9487 3 269
5949 1 801
2796 3 536
821 1 392
2964 5 633
1892 3 135
7824 2 440
2640 2 745
6438 5 617
7608 5 851
8350 1 920
8191 3 861
2350 1 144
776 2 796
6395 5 419
8088 3 427
7990 3 9
1995 1 2
4101 2 188
9722 2 170
3989 5 482
9826 5 693
7827 5 665
9264 4 140
1775 2 821
6149 4 644
6904 5 712
8612 5 418
7283 3 978
6589 4 274
2204 5 296
3123 5 773
9197 5 636
4802 2 187
2823 3 682
2805 1 453
9937 4 627
7519 5 897
3719 4 998
9205 4 337
5884 1 59
8207 5 20
1389 3 433
4973 5 100
7086 4 306
3854 3 417
3877 1 860
3492 4 254
6633 3 585
8741 2 990
1689 3 264
2635 1 400
124 4 695
3786 1 835
4662 3 949
4896 1 644
1307 2 630
8977 4 294
6610 5 543
2882 5 206
5072 3 177
5682 1 842
6166 5 662
8008 2 418
7149 5 772
297 1 468
7068 4 368
3171 2 710
4352 5 691
1263 2 632
8370 3 461
4346 1 58
2970 4 772
753 5 569
8773 2 8
8177 3 917
2711 5 192
4310 1 675
688 3 360
3585 2 954
123 2 672
3677 5 646
8163 1 565
6920 5 764
9481 4 978
5975 3 69
775 3 316
563 4 666
8352 1 855
6378 5 367
9900 5 28
9704 4 387
2700 3 583
409 4 709
2851 2 345
8202 4 707
2277 1 674
7594 4 228
5080 4 963
9253 4 438
4240 5 602
2299 2 825
2180 4 392
6642 2 689
4000 5 759
9552 2 196
6846 5 200
2998 1 728
2023 1 803
6458 5 563
4926 3 627
9026 5 807
1675 1 91
3317 4 632
8285 1 659
9099 4 638
8320 5 703
9567 3 507
7349 3 592
8057 2 518
6425 4 337
2794 5 456
5325 4 602
2649 5 621
6196 5 788
1861 5 153
4212 2 524
7997 3 424
8642 3 891
6240 1 470
9382 3 451
3943 1 200
4855 3 7
865 5 729
44 4 717
6360 4 586
7508 1 387
6724 3 256
8745 1 190
3542 3 909
7350 4 287
7606 2 716
7698 1 172
9262 4 585
1402 4 858
8830 4 26
5287 2 803
5589 3 178
4084 5 428
907 3 546
5120 4 485
1775 5 579
6681 3 624
4849 5 819
9360 3 354
6387 5 358
4259 1 11
4274 2 815
8246 3 897
2064 1 303
4065 4 200
133 3 863
5617 2 878
9070 4 940
2855 1 703
1640 3 677
4205 3 434
6808 2 781
5726 4 519
4761 3 252
8638 1 113
3708 5 889
2801 3 244
6867 4 20
9051 1 577
6147 1 257
4037 5 391
1525 4 319
2165 1 450
237 2 257
6085 4 186
2269 5 307
506 3 730
203 4 520
6567 1 796
4062 4 308
3262 4 356
4985 3 526
9538 5 602
6247 2 984
4378 5 69
1029 2 540
189 3 560
2306 1 154
4846 5 762
7849 3 774
2348 3 193
7605 5 286
4291 1 388
9461 5 38
2598 1 509
8000 1 83
5759 4 143
8406 1 741
9966 1 234
3208 5 100
1356 5 330
5934 4 187
2440 3 859
241 4 418
5168 3 298
9557 1 264
9188 1 923
9659 2 54
9105 1 432
6778 3 469
1889 1 581
3674 1 219
9225 3 24
7237 3 212
8329 1 536
8623 1 613
2526 1 662
9023 4 69
6788 5 652
294 5 131
8811 2 923
6041 1 337
1957 5 85
5524 4 764
7529 3 71
5382 2 415
3119 2 549
4091 2 666
2243 2 21
4774 1 722
761 5 41
9573 1 742
3220 5 313
