871
5234 3 493
3290 1 783
9864 5 745
8282 5 968
5153 3 766
6509 4 833
2569 3 520
7870 1 352
4751 4 399
188 2 220
5302 4 823
402 4 477
1249 1 757
4659 3 517
4438 1 402
5601 4 81
4419 1 38
7861 5 170
5731 4 83
3663 5 625
5519 5 973
7791 1 27
2670 2 412
5540 2 48
8342 1 900
8880 4 97
8370 4 854
7002 4 37
8413 5 556
9470 4 961
8991 1 161
5312 5 947
4459 3 588
3809 1 378
9611 1 745
8203 2 502
5347 2 957
6015 4 933
4024 5 55
4168 2 318
6737 2 230
5344 4 100
4867 1 669
6208 3 905
6705 5 865
8061 3 501
4932 3 358
2178 5 125
1001 1 492
1588 2 406
3319 4 281
7444 1 407
8671 4 277
246 3 660
951 2 433
8166 2 425
9863 3 53
1323 3 935
4152 3 522
8580 5 59
1102 1 701
6982 2 689
4568 2 728
8022 2 952
5589 3 798
9086 5 319
728 3 224
5829 1 285
2045 2 451
4365 2 947
7081 4 385
5222 1 590
6605 3 675
4356 1 209
5589 5 370
9720 5 608
1438 2 538
1215 5 426
4463 4 424
4192 3 5
5534 2 976
3157 3 904
2610 4 94
4525 4 528
1313 4 500
4272 3 626
6523 2 664
5333 2 634
2328 2 919
3679 4 641
9910 1 212
2020 2 185
6545 5 612
7934 5 474
4481 2 315
4658 1 966
5654 3 780
8923 2 410
7665 2 57
3467 1 370
4025 4 227
8619 5 786
129 4 124
8066 1 978
868 4 816
9788 2 985
4454 2 780
9087 4 736
5935 2 33
6237 4 29
3475 2 895
7051 1 211
7168 2 102
7717 3 825
3618 5 557
233 1 422
8119 3 223
902 4 813
5612 3 799
7581 5 346
5060 2 632
7575 4 520
9798 5 535
9238 1 843
8377 4 482
3914 4 660
5151 2 201
1904 5 444
7803 5 247
1225 2 471
3131 4 344
1864 4 597
9555 1 648
3273 5 593
6140 5 891
38 2 275
8418 5 348
2363 2 971
3492 3 70
5415 4 924
3454 3 157
6668 1 266
3769 5 224
5754 1 960
9651 4 199
5352 3 753
3370 2 91
9450 3 163
335 3 543
3714 2 612
3471 4 528
4610 4 22
4029 2 948
5471 3 189
1545 5 34
7504 4 200
785 2 302
4028 2 84
8587 3 755
502 4 350
1857 4 340
9180 2 920
5148 4 892
531 2 406
5693 1 910
9541 5 546
5692 1 551
4614 5 624
8710 3 961
7549 2 407
9913 4 511
370 4 994
3525 1 745
4754 1 526
7626 1 385
9301 3 368
1549 2 789
6880 1 588
8763 2 492
7437 3 709
3675 4 433
376 5 658
8091 1 392
7784 2 410
4571 5 643
1371 5 148
2842 2 935
8968 3 147
3358 2 448
2554 3 268
4272 5 745
9631 1 360
2582 4 306
6884 1 280
9042 3 427
2247 4 545
4826 2 642
9827 3 462
8248 5 908
8530 5 876
7231 5 166
6754 1 918
8852 3 234
9875 4 514
434 4 927
4691 2 772
3711 5 484
5329 1 76
9674 1 581
3713 2 101
2571 4 579
6983 5 69
317 5 228
9479 5 855
6873 2 723
7054 2 181
2836 5 429
1895 1 19
3954 5 780
1180 3 773
6037 2 48
5093 5 406
2209 2 21
5363 4 628
4265 5 299
4434 4 797
2477 3 617
3628 5 224
9624 1 205
2942 1 141
4737 3 474
1123 5 309
1380 1 426
7008 4 551
3300 3 930
8680 2 216
385 2 130
9711 4 194
9214 3 425
5254 2 445
1859 4 801
8714 4 785
4806 3 919
1019 4 653
8987 1 486
9549 1 904
8559 4 403
6107 4 783
8389 5 270
7862 5 737
3545 4 343
8875 4 306
9805 3 602
1234 3 997
4458 2 552
3188 4 161
623 2 841
2394 1 300
6288 2 443
183 1 705
9475 3 137
5101 2 289
7632 4 2
7850 2 368
691 5 651
8011 4 316
8177 4 402
834 4 27
5506 2 244
9300 5 388
406 1 910
5960 3 203
542 3 686
4476 5 363
4380 4 202
4420 3 507
4779 2 206
20 2 511
8722 2 897
556 4 982
201 3 26
2221 5 361
6586 5 828
3415 2 636
8676 5 106
8815 4 66
6962 4 427
2021 2 540
636 4 177
5101 4 459
129 3 819
9856 5 230
5413 5 90
6288 5 259
3593 4 307
9996 5 940
1779 2 819
8552 2 241
8904 5 432
6817 1 56
1076 1 950
1759 1 673
1331 2 840
1155 4 720
810 3 162
674 1 864
6359 2 255
4600 1 772
6832 2 497
1266 3 523
9143 2 251
6564 4 676
5823 1 340
3843 5 285
7655 2 417
2506 4 782
8291 5 498
2209 5 706
9309 5 490
9854 1 775
5619 1 966
4833 1 359
151 1 340
6152 4 487
6801 4 960
3619 3 611
8510 5 533
9645 2 548
975 5 541
6066 1 508
3983 4 689
6716 4 957
6980 1 274
4868 4 128
7736 3 626
7902 3 465
609 1 223
5636 1 369
4609 4 261
4045 5 980
2448 1 651
6890 1 122
3750 5 275
489 1 746
1142 2 746
2119 4 772
1317 4 624
30 2 824
4394 5 930
6184 2 401
8836 3 359
3514 5 127
2130 5 130
6256 2 509
8702 1 124
1240 1 946
2067 2 165
8749 2 586
7908 5 403
3043 5 273
7726 2 440
6257 5 658
5243 1 511
3635 1 253
2833 2 967
5297 1 713
5318 2 126
4722 5 995
5178 1 222
5211 5 868
9474 4 192
1907 2 492
5639 4 594
5866 3 273
4672 5 673
4979 1 816
4601 3 910
7559 5 901
6990 4 742
9064 2 594
4367 3 198
8217 1 520
3621 4 565
9847 2 661
483 1 516
3211 2 810
5219 1 95
5127 4 398
1751 3 924
9114 3 315
1770 1 78
3947 5 19
9656 5 25
11 5 850
9003 4 299
7904 1 93
936 4 897
9394 5 321
6482 3 314
7248 4 643
8970 1 502
5440 4 414
4637 4 95
4572 3 346
5481 2 826
31 1 831
9539 5 668
4072 5 599
1155 2 252
5083 4 441
8331 4 417
8551 1 950
8256 2 769
3844 2 798
801 2 853
5895 5 745
6383 1 86
1237 4 891
2348 3 919
1194 4 607
925 3 723
7389 4 820
5019 2 475
3593 1 506
4279 1 177
5406 3 261
1914 1 703
7917 1 4
2428 1 639
353 2 541
1573 3 263
9980 1 836
3996 5 558
7065 5 307
2496 3 789
5373 4 368
7717 3 714
8129 4 148
7653 5 362
9611 4 265
3857 5 301
1633 2 311
6635 4 787
2855 4 150
1207 2 612
4363 1 140
7524 1 305
6179 5 336
9153 4 75
1185 2 312
4226 1 237
2376 1 165
3274 4 143
9538 2 855
952 3 767
2890 2 414
1651 3 457
9222 1 572
5012 2 589
5657 1 605
7306 2 924
6559 3 189
9210 4 989
4845 1 379
9526 3 590
321 5 809
611 1 390
4644 3 907
6409 4 382
8589 2 427
7377 2 231
6347 3 289
4640 1 844
1410 4 395
1641 2 22
712 4 722
193 3 514
9788 2 939
6592 5 550
573 3 260
6857 3 768
4323 4 219
4707 1 754
2425 5 863
1548 5 461
2041 3 880
5838 2 937
1743 5 849
6495 5 306
531 2 590
4807 5 30
3788 4 801
5043 4 38
3673 5 376
1185 4 830
6827 2 138
2966 5 975
4231 3 117
6266 3 138
914 1 938
3757 5 221
9171 5 673
9236 5 971
8425 1 602
9682 2 438
7663 3 400
6057 1 134
9021 2 975
390 4 810
7009 4 919
285 3 465
2947 3 56
2207 1 406
5975 4 658
2770 1 902
4103 2 237
6042 5 180
500 5 34
3 3 16
7623 4 151
1864 4 635
8454 3 732
8172 2 611
8443 4 862
4444 2 497
9873 5 140
7974 2 127
9092 1 948
8045 3 308
2590 5 897
7577 3 901
2090 2 223
623 1 292
7253 4 285
4382 3 725
1694 4 396
9750 2 448
3210 4 198
3463 2 966
2035 2 50
3181 4 484
8652 5 782
8693 3 382
8969 4 506
3280 1 570
2144 2 992
3591 1 380
4496 1 656
8765 3 500
8844 2 627
4460 5 234
4638 5 258
4705 3 343
2706 5 672
1812 5 159
8655 3 152
1254 5 603
4049 3 372
1925 5 305
1226 4 131
3010 1 633
4292 3 995
7443 4 822
9962 3 450
8920 3 192
8644 1 932
8578 4 738
2400 4 912
9622 5 513
4128 1 795
208 1 71
2892 5 180
1843 4 709
6300 5 791
6084 5 147
918 1 928
250 4 824
2463 2 170
7020 1 951
4378 4 138
7380 5 976
4313 3 521
8393 1 207
3139 4 106
4248 4 528
2162 2 704
587 1 486
2698 3 341
4701 1 489
4895 1 281
8828 5 996
4496 5 873
2879 3 48
2274 1 263
5980 2 487
1725 2 505
3713 3 780
6816 4 268
6483 2 540
1203 2 73
9134 4 239
9952 2 155
2662 4 314
5395 3 882
3305 2 467
1427 2 850
2144 1 142
8479 2 803
4250 4 597
1236 1 878
8934 2 864
6100 5 308
770 5 438
4897 1 256
2363 1 685
4409 4 985
3754 4 399
7264 1 248
3088 5 744
5710 5 754
9347 3 952
9767 2 443
4426 2 240
7113 4 347
6842 2 808
7150 2 458
7764 3 949
6553 2 814
2965 1 286
1853 5 901
7554 1 514
4372 5 881
9836 1 317
5946 4 58
1709 4 308
3852 5 256
532 4 635
6603 2 386
7408 5 548
1926 2 455
5048 3 347
55 2 365
2402 3 679
9476 4 180
3133 1 192
306 4 62
8391 2 599
6118 5 505
9596 1 813
8426 1 487
4276 1 265
4117 1 675
5176 4 281
8446 4 150
8190 4 481
3950 5 605
1492 3 345
3128 4 803
8777 1 18
9212 2 337
3492 3 797
2517 2 609
5141 5 325
9830 4 966
3631 3 558
6635 4 33
3687 3 62
8545 5 59
1832 1 438
5037 4 56
9751 1 652
861 4 879
6340 4 174
9617 4 146
9421 2 534
8752 1 741
5668 2 534
6998 5 913
3144 3 108
4706 1 676
9275 5 43
3671 1 989
6953 2 71
5724 2 450
6979 4 942
3639 4 264
5791 2 53
2723 4 131
7728 3 743
4865 3 979
1748 2 715
3591 3 430
88 2 423
5740 3 959
4956 5 795
457 5 113
6468 3 596
9381 1 325
1806 2 364
4352 3 339
4912 1 982
9020 4 61
4507 3 254
4163 3 173
4139 3 690
5518 5 810
3232 4 331
5865 5 996
2574 3 794
1305 3 382
506 1 771
9648 2 207
3224 3 763
2765 5 368
8738 1 323
4737 2 742
4750 2 422
5519 4 876
3460 5 934
193 4 927
8932 3 802
2360 1 423
1053 1 329
1255 1 790
5898 1 251
8337 5 85
1627 2 231
6307 5 56
4820 1 77
1922 5 384
1181 2 587
5889 4 146
6581 3 243
3830 5 861
2248 2 775
9410 1 36
2933 4 527
9474 2 455
5256 4 806
2100 3 566
5790 2 696
4895 4 770
1137 1 973
1602 4 578
4091 3 884
9014 3 910
2236 1 116
7977 2 521
3734 4 664
1575 2 166
7373 5 18
5078 3 794
8463 2 328
4684 2 622
9299 1 520
5691 4 266
311 2 999
6695 2 712
6462 5 840
2135 2 306
2659 5 205
4503 2 922
7238 2 125
9486 1 795
281 3 507
6963 3 204
2524 2 802
2487 3 395
6750 5 962
4741 4 271
8459 4 306
3136 4 623
2187 1 114
6905 3 801
944 1 337
9906 2 337
7712 3 68
9695 5 281
3595 3 335
5941 2 20
1232 2 989
9823 4 318
3675 5 315
3214 1 16
6084 4 778
1086 3 709
3526 5 60
1188 3 528
3325 2 509
9503 3 865
9851 4 742
8650 5 818
8220 2 591
5501 3 516
4288 2 612
745 1 294
9780 1 398
2361 3 516
468 5 984
9033 4 27
9027 5 157
4912 4 410
6415 1 760
817 2 627
6434 4 996
6499 3 650
8302 3 286
591 4 355
1219 1 590
3236 3 615
9175 2 779
2048 2 637
4954 2 613
3383 4 943
2182 3 94
6695 4 132
3317 5 472
7947 1 472
9974 4 749
6912 5 6
3154 1 360
8769 3 278
6215 4 998
8631 4 823
1755 3 543
8288 5 856
9151 4 669
8974 1 469
2624 3 696
6143 2 317
5908 4 79
3861 3 485
4574 2 488
5359 3 495
5757 1 407
379 1 482
2649 5 752
5937 4 156
8504 5 974
8050 3 979
5193 3 787
5514 5 894
5876 4 984
9462 5 763
5137 5 717
2758 4 519
8926 4 505
2769 4 460
8578 1 36
5854 3 836
7844 2 444
1267 5 388
6378 3 950
1081 1 595
3782 5 105
8728 5 608
38 2 236
7933 3 220
8521 2 329
9426 5 701
691 5 138
1145 2 342
7439 4 481
6105 4 428
7347 2 593
406 5 377
9999 5 893
3860 4 817
3766 1 189
4748 4 373
967 4 603
4457 1 233
7844 1 558
2530 3 563
4422 1 694
2580 1 400
4766 2 846
5668 4 428
9676 5 341
2048 1 322
673 1 715
4587 4 670
78 5 835
8995 1 207
8875 3 620
9833 3 586
9490 1 703
799 1 133
5862 1 71
4983 1 700
7023 5 911
1958 3 656
8520 1 276
8005 3 363
1770 2 176
7888 5 589
3653 3 890
5920 1 381
1946 5 423
9765 2 710
3392 2 719
6218 1 631
1359 3 159
7964 4 373
7031 1 148
8205 1 773
7677 3 15
1753 1 442
6594 5 578
4375 4 946
470 2 242
7522 2 759
8338 1 717
6917 4 841
1822 3 450
1969 3 733
5953 2 104
6463 2 705
7837 3 646
4889 4 540
7716 4 549
830 2 74
974 3 851
1674 3 242
6899 5 755
9575 1 335
9173 1 581
9625 3 672
5423 4 458
5558 3 904
9208 2 820
9587 5 204
8827 5 721
9107 5 476
7287 2 974
1492 5 633
8988 3 616
5337 5 257
6815 5 372
9251 4 803
97 5 474
5480 2 875
7241 5 17
9288 3 465
8387 2 63
8304 3 639
1651 4 606
5015 3 747
6896 2 609
7767 3 199
2275 5 3
6936 2 972
5118 4 371
9857 5 776
4914 1 747
6493 1 206
7509 2 695
4152 3 106
1576 2 463
7016 3 942
4776 5 717
9474 1 432
4456 2 178
4711 2 811
8029 3 848
5011 5 57
5057 1 641
3774 4 710
2567 3 663
9850 4 250
456 3 53
1383 1 107
2085 1 563
6681 1 71
2206 3 727
2961 4 970
832 3 541
6570 1 177
2581 4 875
6961 3 874
4071 3 529
4476 4 640
6608 5 387
8416 5 604
633 5 317
6523 4 287
228 1 322
1605 5 634
4127 1 995
6435 3 82
2269 3 674
39 3 937
1978 2 296
52 2 73
6328 4 704
2130 2 567
7667 3 42
9625 5 41
695 2 796
6867 1 450
281 2 287
9251 2 224
2751 2 788
7595 1 894
3094 3 86
951 2 274
4925 2 458
9542 5 925
7234 5 256
9 4 62
7913 1 782
1265 2 491
7642 2 559
221 2 126
789 5 838
7393 3 89
2125 2 112
4140 1 417
2260 5 714
4101 5 952
6889 1 920
6010 2 619
1429 5 283
7737 2 223
9080 3 50
4562 1 99
778 2 477
9358 1 537
5223 1 988
1723 5 647
163 1 884
8266 3 302
4616 5 889
3736 3 299
1861 1 777
9771 3 383
9259 3 161
4967 4 46
3837 5 753
8877 4 158
4475 3 871
8006 1 236
5556 4 330
149 5 19
7277 5 177
4121 4 894
5538 2 586
7586 5 849
9469 1 720
1621 4 621
1547 2 372
4878 2 443
3866 1 100
4152 4 633
1858 1 53
9005 3 774
7921 5 678
2429 4 555
4442 3 297
9420 2 361
849 4 371
6952 4 708
6814 5 418
5081 2 482
8860 1 437
5818 3 883
2984 2 971
7075 3 780
7002 1 154
5462 2 862
2671 1 143
2819 2 931
8455 5 136
818 1 851
2032 1 39
271 3 814
6712 4 550
9461 1 555
8191 4 223
3576 4 781
2817 4 186
7507 2 620
5468 2 377
8171 5 51
1293 5 894
4066 3 563
3046 2 378
8354 5 390
9496 4 346
7956 3 172
724 5 966
5508 2 276
3509 5 689
5536 1 746
317 4 332
179 3 751
8270 3 317
5474 2 665
4071 1 130
7925 5 391
422 4 454
6899 2 618
2245 5 360
2109 3 128
4071 1 405
6353 5 349
5939 5 182
5645 4 818
8645 3 471
3963 1 759
6593 3 978
9948 5 67
4954 2 572
4765 1 298
4751 5 820
2903 4 971
5013 4 590
9171 2 448
982 1 470
3102 1 142
184 5 866
3776 1 169
411 3 757
6143 5 349
3805 1 186
1496 2 643
7977 5 201
792 2 30
5708 3 142
372 1 158
9615 1 22
3820 2 207
4131 1 176
7877 1 462
8053 4 816
3049 1 255
7832 1 432
5697 1 448
6018 2 986
3062 1 266
7479 4 845
6997 2 615
6442 2 107
1627 4 79
8349 2 708
2722 3 770
6015 2 836
7461 3 155
240 2 644
2563 2 401
1061 5 439
9349 2 934
7511 5 776
9567 3 221
9275 4 256
6095 3 828
6770 5 750
1779 3 834
6294 1 267
68 5 449
898 1 845
1336 1 159
8044 4 399
4611 1 332
7853 5 48
4996 3 826
1567 4 629
8388 5 191
2869 4 860
5530 2 78
7752 1 965
4343 2 129
3845 5 457
7819 1 72
3094 1 936
8978 2 527
5456 4 751
7815 1 260
6453 1 777
6492 2 217
313 1 302
1566 2 593
6026 4 145
6377 2 505
2145 2 576
3979 3 17
8643 5 177
2016 1 43
9552 5 351
1170 3 651
5437 3 628
8481 3 715
7912 2 745
2301 1 677
3195 5 60
9317 3 936
8383 5 341
7711 4 411
8019 4 547
908 3 684
5899 2 584
3703 4 867
2217 4 747
2170 1 793
5410 1 307
9307 5 431
7941 3 293
2149 3 75
9123 1 24
5566 3 250
3516 2 676
9808 3 391
6460 1 288
8586 2 813
3429 2 822
271 5 100
7630 4 97
6418 2 980
48 1 827
4118 3 496
4096 5 211
4227 5 828
820 3 860
957 5 625
3839 4 293
1315 1 348
5672 4 602
5559 2 19
3030 2 910
5999 3 204
858 1 902
2882 4 484
9228 2 239
1144 2 249
2209 4 651
3823 1 875
5138 1 586
2131 2 553
5377 4 333
7675 3 301
2555 4 163
3234 5 737
6179 2 398
2627 2 346
8725 1 867
3196 5 293
3428 3 94
4776 2 75
8396 3 598
5891 1 194
4171 5 17
4139 1 160
9227 5 270
8960 1 832
2168 2 837
4463 1 278
7415 4 751
7018 1 449
6738 3 37
7621 4 826
7217 1 152
7857 3 610
8958 3 423
901 5 176
4068 1 216
290 2 40
8680 2 897
733 1 566
425 5 632
520 1 540
4452 5 243
3610 1 348
2264 3 634
8681 4 167
6848 1 688
9638 1 924
6079 1 222
2579 5 373
4987 2 522
1725 5 600
3150 2 93
1428 4 481
8108 1 365
322 3 207
2140 4 956
6107 5 475
6735 5 778
7400 4 574
5327 2 19
5727 3 574
2213 1 238
915 4 228
840 5 751
3834 3 857
6530 5 62
3822 1 248
3747 4 185
9436 4 892
8532 4 20
6834 1 583
2044 1 338
7232 2 874
4330 3 400
5431 1 231
988 5 131
7655 2 748
6698 5 732
3713 1 688
1663 5 354
1652 5 732
5488 1 173
264 1 806
8465 3 317
4082 1 720
7992 3 473
2921 4 425
1487 5 11
7000 1 290
7064 4 345
337 3 673
5261 1 462
2951 2 154
9402 2 555
4334 4 951
1960 3 287
2703 3 920
9586 3 842
2592 4 548
8293 5 986
6963 3 341
956 5 347
4199 3 160
716 5 345
7675 4 683
4796 5 232
1809 4 603
2769 5 547
5899 5 318
8400 5 465
6512 1 932
1059 5 467
4932 5 813
7323 3 250
3985 2 467
6189 5 370
9604 3 792
4496 2 536
6569 2 633
3967 5 16
7338 1 902
3725 1 354
829 2 118
710 5 434
2576 2 495
4313 1 33
1014 3 412
7302 1 965
3654 5 68
5805 4 558
7875 2 478
5849 3 482
4118 2 539
4881 4 439
7989 2 71
9363 1 32
3546 4 769
5091 2 239
7970 3 110
7133 3 166
8573 3 122
9317 1 11
5541 5 948
3144 3 144
5394 3 414
509 2 706
3983 5 816
7018 2 644
5055 1 289
3804 4 410
8038 5 275
321 4 499
576 3 412
9483 5 378
3162 2 402
6523 4 114
8426 2 782
1409 1 507
4896 4 949
3135 3 943
3327 5 324
4599 5 279
7610 5 384
9655 4 899
4955 2 969
2379 5 211
549 4 243
5908 5 93
651 5 326
8867 3 489
1847 1 365
1062 2 244
3358 4 321
1419 1 377
1513 2 914
4544 3 742
2320 3 249
5963 5 908
1006 1 820
4125 2 113
8671 4 476
2389 5 339
5119 5 721
6150 1 426
2955 4 539
2668 4 1
6592 3 152
7679 2 790
6528 3 378
2037 1 999
5632 3 437
9652 5 945
4646 1 408
2291 1 588
4746 2 951
2351 2 989
3863 3 32
9196 4 241
9671 2 340
3033 2 110
6931 2 478
289 3 760
5420 1 91
5404 5 433
119 4 496
7160 1 596
1860 3 185
371 2 936
4984 5 614
9219 2 491
9874 2 514
9446 5 627
9851 3 952
7617 1 174
7601 2 612
9652 2 378
343 2 302
8816 5 489
2011 3 561
1976 3 184
6565 3 918
1516 3 288
1090 4 84
2154 5 990
9726 1 502
5959 1 394
7501 1 282
6423 3 975
1320 1 60
9703 2 174
4162 5 130
6835 3 298
6652 1 860
6331 5 448
4042 4 303
3297 3 845
3968 4 310
4882 4 74
8293 5 817
5255 2 381
6714 2 538
2966 3 399
86 2 626
2912 1 338
8904 5 237
6120 4 708
8805 4 137
4480 1 328
4100 3 584
3907 3 699
7241 4 715
2581 1 608
6498 1 489
1249 4 793
4370 1 316
721 2 772
2195 3 169
5955 3 151
6284 4 500
1018 1 820
3070 1 835
5913 3 382
3169 4 933
3836 2 296
1378 2 153
9998 1 74
9472 1 23
102 1 172
1824 3 989
6857 3 125
4890 2 336
1255 3 698
3000 4 89
1588 5 791
660 3 682
7466 2 571
6482 1 575
2087 1 392
689 3 632
633 4 626
6417 4 230
8975 5 769
9291 5 511
3850 2 808
5705 5 243
5904 4 247
8588 3 158
3197 3 878
4181 1 931
790 2 85
1545 3 300
8648 5 918
289 5 72
3698 4 437
3375 3 57
1357 4 669
9070 5 798
6840 3 182
735 3 571
6174 5 325
1660 3 488
6641 1 629
429 5 313
3054 4 526
399 2 313
8252 1 534
9931 2 318
8633 2 467
9597 4 732
5431 5 586
5784 3 956
4850 3 565
2540 3 530
1630 2 310
3080 1 705
9489 5 619
7257 1 435
8865 1 124
5189 4 657
518 2 259
4947 3 888
7370 4 530
9522 3 65
6418 1 453
3941 1 675
6101 2 286
5237 1 510
9825 5 119
7648 2 759
5366 5 184
2290 4 269
9344 5 659
6539 1 967
5484 2 25
8458 5 74
6836 2 497
3728 4 289
3909 3 8
8793 2 938
131 2 360
2800 5 593
6269 3 886
7219 3 670
8296 5 438
441 2 977
7994 2 588
471 3 167
9438 4 909
742 2 386
4453 1 682
6298 1 934
1421 3 498
1053 5 730
4728 4 831
9217 3 54
7119 4 797
2875 1 368
7171 1 455
9831 4 514
4421 5 988
7398 3 976
9186 1 983
7986 1 877
6385 3 369
9067 2 714
7505 2 513
6918 1 802
261 5 605
2315 1 701
5642 5 617
9611 3 295
5337 5 500
5324 2 595
5387 4 420
6636 5 705
6267 1 507
3643 1 682
2481 2 209
9188 2 362
8351 2 863
7292 5 925
6110 3 846
5879 1 828
6403 5 743
5227 1 316
8389 2 281
6809 5 21
822 2 950
7058 2 929
9018 4 673
9728 3 997
1992 2 452
2307 5 474
2653 3 762
9368 4 264
1406 1 415
1204 3 175
7635 2 798
4667 2 859
9677 3 767
8790 5 3
2368 1 288
9903 1 46
6558 5 36
1065 5 591
5650 1 920
5066 1 237
4618 5 854
4173 3 685
9237 3 724
8405 3 776
7998 3 418
2723 1 706
8043 4 848
420 1 203
4464 4 51
2014 5 772
7857 4 976
6149 4 855
7356 4 933
4554 4 288
9369 3 516
9984 2 376
4121 2 548
8861 2 436
3195 5 949
1952 5 385
2621 4 285
4658 4 529
9645 3 482
3493 4 326
4425 1 656
2965 2 641
7068 4 146
7997 4 75
4020 2 991
1866 3 558
2374 2 769
1385 1 445
4464 4 784
1572 3 740
7463 1 831
6239 4 876
720 1 49
3708 3 418
3681 5 119
7434 3 611
7886 3 835
6471 2 767
2263 5 639
4722 4 449
629 5 869
6697 3 158
6487 1 373
5562 1 872
8592 5 955
5287 5 293
4810 3 707
387 2 311
5911 2 321
9102 5 71
1723 4 245
6275 4 737
6843 5 689
4439 4 845
4348 4 8
402 5 130
701 1 689
9491 4 443
9389 4 431
2722 4 690
3739 2 341
8532 4 51
6722 4 374
9388 5 97
3794 1 419
9764 2 659
4108 4 447
1426 5 837
3099 3 812
8804 2 841
4493 2 946
4193 1 57
1426 3 979
7497 4 646
645 1 637
3114 1 339
1743 1 740
3912 1 358
4593 5 167
6100 4 264
4998 4 22
7601 4 429
8121 2 109
1695 3 869
3756 2 83
4303 4 824
8073 5 556
4001 2 57
1715 2 574
3281 1 421
8290 2 468
2401 4 304
5401 1 424
1527 3 765
8537 2 286
9553 4 362
1214 3 170
9009 2 238
2853 4 174
965 4 298
8501 2 164
9309 2 397
