674
871 4 981
3815 1 823
1883 1 651
7456 4 670
6082 3 972
3044 4 875
6806 4 978
3570 2 201
3925 5 931
8438 3 549
4201 4 742
2461 2 562
3511 4 261
3321 2 783
7288 1 866
2107 4 280
8501 3 376
557 2 301
4515 2 396
6779 3 91
4559 2 49
1164 2 936
7036 2 799
2645 4 96
5370 5 177
6621 1 898
406 3 709
8152 3 409
498 3 89
4671 4 263
8363 4 442
526 3 69
6220 3 68
1501 5 461
6043 4 631
8356 3 878
8265 2 390
4487 5 501
2888 4 336
8645 2 620
5460 5 96
4526 1 482
2137 3 359
7781 3 777
1254 4 628
4632 4 581
1632 2 358
859 1 895
7631 2 297
8087 2 777
6859 5 569
451 5 962
3712 1 569
8540 4 599
5752 2 937
9600 1 332
4406 4 548
8267 4 23
1062 4 833
1838 3 436
5449 4 951
3918 5 734
6948 2 566
4491 5 78
8139 4 521
4136 1 47
2563 3 178
2789 3 642
6656 3 855
5447 3 46
6143 1 373
2915 2 525
7327 2 623
6339 1 476
5339 3 884
4796 1 800
8230 5 973
9830 1 655
4927 4 748
5096 5 986
5744 5 115
2378 1 140
6310 5 38
3233 4 368
6957 4 670
5717 5 213
2650 5 998
2866 5 565
3946 3 614
7026 4 812
6544 2 102
4299 4 22
5965 3 24
792 3 788
9535 1 868
3988 4 51
7247 2 564
5375 1 363
3871 2 802
9733 5 551
377 4 155
6980 4 60
5125 4 438
3888 1 668
5127 1 31
9957 1 948
810 3 6
5946 4 702
5583 5 420
2275 2 149
6391 1 609
7677 2 596
9301 5 912
6767 4 402
6642 3 272
3323 2 209
7657 4 108
4875 1 545
8519 1 973
6482 4 208
5509 5 786
2 5 817
2218 4 531
7319 3 575
8809 3 215
2464 2 42
6374 2 425
9416 3 85
447 3 715
2888 5 589
7678 4 867
8724 3 245
5555 4 137
8529 1 227
1439 5 492
5670 5 387
317 1 913
4957 2 940
5288 4 945
8407 3 799
8655 3 985
9008 4 59
3649 2 154
434 3 494
3959 5 600
9678 2 592
59 1 828
7735 2 360
1892 4 113
9827 1 202
114 2 699
3406 2 80
8975 2 494
2269 5 280
9643 5 136
9156 2 360
3316 5 206
2277 3 476
3781 5 690
7632 4 2
1085 5 75
2350 3 529
1446 5 254
4229 4 488
8145 2 189
8455 3 309
9999 4 105
2495 4 679
5977 5 689
3176 4 496
9940 4 983
8135 3 451
7003 4 564
2134 5 622
4291 4 190
9866 2 838
8797 4 833
2401 2 123
5 3 917
7785 5 429
6857 4 432
2068 2 568
2199 5 302
2849 5 274
531 5 790
5013 2 956
4071 2 845
5506 2 770
4094 3 587
9799 2 437
2134 5 369
7263 2 604
8423 1 81
519 5 150
8584 5 303
4956 2 596
1791 5 735
9158 2 516
8966 1 644
6824 3 444
3302 2 198
660 5 499
6398 3 953
3567 2 274
9029 2 165
5385 3 250
5960 1 573
2343 3 255
5718 2 630
5161 4 820
9792 5 850
6021 2 74
403 1 903
4313 5 748
5840 1 947
4304 5 98
6399 4 384
8506 3 694
9060 4 645
3351 2 208
7422 3 680
3458 3 586
7813 2 503
9256 5 862
562 1 946
4250 4 251
1626 1 773
6071 1 852
8252 5 289
1892 3 394
9083 4 909
3194 2 791
6435 4 96
6207 1 270
8644 1 779
7280 5 407
1627 1 178
4177 5 863
4494 3 255
8905 3 22
8499 1 312
7946 1 297
7726 5 205
668 1 578
9490 2 51
5475 2 354
9351 1 935
379 3 105
5795 5 966
3130 4 616
8920 4 160
2988 4 288
9284 3 722
640 3 26
6706 3 983
2217 4 518
6895 2 543
9161 1 862
140 5 13
1616 4 219
6001 2 811
6233 3 403
3049 5 451
9594 1 786
9119 1 169
227 4 642
4227 1 120
557 2 170
4614 2 699
6862 1 668
8943 3 948
6727 4 812
9930 1 121
8487 2 294
2261 5 829
1423 5 468
4534 1 381
5750 5 446
5734 4 402
1819 5 406
7573 1 356
5508 3 359
3114 3 156
9232 4 180
7955 2 333
6999 5 740
8531 5 892
5185 4 340
9117 3 824
9615 2 54
2392 5 482
1062 4 815
6553 4 641
1791 2 559
5946 2 454
7148 2 83
1759 5 743
7550 2 13
3191 1 534
4648 2 751
9311 4 855
9234 5 335
9879 5 806
1928 1 240
2817 5 284
4531 5 633
9106 1 804
2596 2 661
9264 2 685
6904 1 877
3525 2 134
9407 4 53
3733 2 592
6829 3 768
2165 2 967
4560 3 485
3267 2 105
4808 4 144
6196 5 513
6372 3 53
6141 2 406
5685 3 793
1661 1 987
6153 5 515
1924 3 148
6744 2 726
4806 5 837
4432 2 949
953 5 651
6746 1 958
5934 1 93
584 2 997
7429 1 191
1122 1 593
9095 3 140
2597 2 24
7561 1 979
9090 2 272
1506 2 308
2878 5 568
2222 2 921
5606 2 281
127 3 167
2409 5 832
8328 1 150
4229 2 62
8685 1 707
735 2 357
3337 4 298
4608 1 39
589 3 280
9814 4 888
5878 1 102
7041 5 159
5013 4 57
3227 2 609
9108 3 714
3017 5 998
6022 2 549
2261 5 747
8167 4 858
4065 1 828
4092 1 362
2236 5 652
4319 4 920
4712 5 479
3255 3 25
9438 5 499
1849 5 876
8089 3 373
4575 4 236
3429 2 419
5638 5 831
2874 5 206
3571 2 305
8384 2 468
8514 3 145
6721 3 158
7197 2 818
2517 1 317
3461 3 625
7527 5 283
7067 1 341
1451 2 310
7716 4 137
1679 2 181
4732 3 797
7822 1 413
5874 2 628
3022 5 37
9446 2 194
9019 4 788
8184 4 408
7173 5 100
3375 4 107
1482 1 24
8356 1 104
1419 5 448
1948 1 492
2004 2 210
7841 3 373
9220 1 376
2020 1 49
5977 2 97
2520 2 565
1248 1 89
8085 1 943
2603 1 812
8212 3 679
3728 2 5
5016 5 755
6634 1 804
1591 3 8
4713 1 877
7422 3 767
8411 1 101
2717 2 142
9768 3 127
988 5 242
4487 2 875
3847 4 42
9965 5 878
9026 4 403
4846 1 191
257 3 829
4424 5 243
8911 2 475
1352 2 34
1676 3 550
8459 2 315
6795 4 182
8801 3 923
5461 3 747
212 3 975
1136 1 731
4834 4 706
7230 1 619
3668 2 615
8554 4 945
2739 5 369
7846 3 265
1082 3 640
2594 2 94
4711 5 270
1819 5 860
490 1 614
584 2 784
5084 4 859
3885 3 371
5913 5 6
1610 4 803
1898 2 813
9321 5 330
7740 1 353
8227 3 421
3508 2 626
3310 3 974
3067 4 929
4069 5 514
1887 3 338
438 4 291
6141 3 864
1740 5 998
109 5 966
4105 2 52
4262 5 359
1188 5 970
4349 3 491
8262 2 396
3736 2 276
2893 5 917
1094 1 155
7290 4 776
1265 2 235
866 5 844
5358 5 661
8303 4 655
1471 5 595
9905 3 127
5596 1 543
9663 3 988
4407 2 169
5779 3 317
8345 1 475
2865 5 598
4982 1 330
4475 3 891
6613 1 397
7690 1 12
4074 2 307
1441 5 63
1296 2 392
206 2 634
6480 2 564
4743 2 477
7801 1 712
2922 2 360
1824 4 928
2607 5 126
1786 1 89
5677 4 799
6058 2 783
5754 3 716
9832 4 938
7445 1 31
5401 1 658
3904 1 812
9206 4 431
9217 5 368
662 2 748
2133 3 677
559 1 241
9272 5 680
8561 5 860
1845 2 432
3076 3 879
8411 2 503
9970 3 771
2667 1 976
464 4 40
1816 1 32
8416 2 932
677 4 461
3582 3 573
7744 1 660
8133 2 825
2197 4 181
5584 4 369
8574 2 450
7099 1 367
6533 1 349
7433 5 547
8520 1 773
4887 1 353
8173 1 458
1833 3 39
3188 1 140
4332 2 288
2489 2 443
6965 5 128
4902 2 340
9315 3 401
9942 1 541
2104 1 577
6811 5 270
7979 5 802
3793 5 771
44 2 487
1155 3 553
2678 3 961
9115 3 695
4330 1 685
9609 3 291
57 1 903
7158 4 56
334 3 784
8576 1 311
762 5 130
9173 3 766
7388 4 893
1293 2 542
6779 4 206
7185 1 190
8103 1 998
9726 1 640
5992 4 454
293 5 428
1666 2 644
4772 3 733
639 2 992
6554 1 965
1640 3 379
2882 5 22
3125 4 30
349 4 291
1175 3 702
9594 4 912
191 5 143
5611 2 221
5452 1 419
7214 5 186
5737 5 436
3263 2 565
6856 2 887
7612 3 331
6486 1 763
6468 3 510
3292 3 727
7282 2 709
9226 2 84
6510 5 222
1165 3 217
9870 4 758
3036 1 935
2017 4 997
7952 2 203
9360 4 417
8773 2 158
4454 5 297
6974 4 254
4795 1 431
7701 2 387
2738 2 679
986 3 925
9445 3 363
8761 2 853
3341 3 246
8139 4 285
7367 5 462
3341 4 204
6576 4 350
8114 2 855
7913 1 256
1018 2 304
3842 5 515
5566 3 113
3331 3 282
1748 2 740
3424 4 120
3239 4 144
9790 3 119
3388 3 342
3501 4 442
5925 1 12
3506 5 173
4987 2 360
5464 2 63
7210 2 760
2096 3 642
4695 3 168
253 3 855
1130 5 490
4978 2 626
3306 3 433
9052 5 87
4632 3 837
2236 3 22
3408 2 74
829 1 470
253 5 691
7940 5 403
8394 3 539
1834 1 123
7822 4 187
3353 3 38
243 1 583
3067 5 913
5505 5 479
2695 1 591
8408 5 886
4350 5 627
1401 2 86
5035 2 35
9383 3 630
2805 3 189
5316 1 935
4281 1 865
1449 2 975
2516 5 53
1401 1 360
7260 3 481
9691 3 723
6291 2 466
5519 1 518
5567 5 396
5742 1 945
9786 4 504
6371 5 636
5011 3 389
2652 3 739
3129 5 938
5875 4 94
8161 4 184
9584 1 156
9405 2 144
7095 4 832
2116 4 831
2893 4 173
6543 2 986
3298 2 209
4460 5 493
3026 3 275
1143 5 31
7132 4 392
2870 5 751
3500 1 378
9817 1 246
2436 5 413
9760 4 367
866 1 865
9388 1 291
1662 3 759
9711 5 187
6268 1 964
9922 4 901
7959 5 583
1144 5 488
397 1 920
9873 4 52
5513 4 854
9259 2 537
6825 2 123
1067 1 280
6774 1 726
4856 4 603
3581 1 300
9509 1 586
5486 2 503
5656 3 441
8919 4 201
4000 2 567
3354 3 373
4644 5 926
3027 4 750
2167 4 193
3799 5 515
9873 3 75
3732 2 642
8925 5 35
5875 2 837
6737 5 836
6339 5 905
7035 5 819
2352 5 377
4781 3 6
3020 4 303
3571 2 902
5917 3 113
4127 1 175
3088 4 769
5602 4 190
4054 4 406
4545 2 900
691 2 474
2879 4 994
8304 1 993
7678 3 499
4036 5 874
9569 2 783
9262 5 388
5592 5 685
5612 4 69
3065 2 401
5933 4 518
7148 4 558
6009 4 557
8964 5 436
1553 5 437
7391 5 749
1958 1 342
664 3 94
8469 2 457
4156 1 79
3459 3 532
2502 5 699
4545 3 269
9902 3 220
5655 2 135
2445 4 687
1288 1 934
2858 3 761
9849 1 9
4824 5 799
9733 4 426
7283 3 305
1190 2 308
2794 5 258
8579 4 312
5614 5 355
2552 1 962
8422 1 846
3300 3 910
797 4 310
665 3 295
6697 1 319
8691 1 922
8502 4 498
9408 2 432
4462 3 646
4062 5 683
9371 2 450
8797 2 269
8694 2 41
5274 4 346
9081 5 195
3822 1 530
6496 1 904
3350 1 157
729 2 508
254 1 868
6832 5 511
4898 3 994
2987 5 839
2319 4 135
5076 4 518
9003 4 731
2162 3 335
5160 1 100
774 2 89
5065 1 781
6651 4 843
8528 5 715
2930 5 72
9042 4 960
1289 4 975
6650 1 401
7543 1 233
7423 4 442
8853 3 340
9288 4 440
4410 1 717
3333 2 44
9939 1 673
5422 5 550
66 2 394
7214 3 214
3177 3 955
9417 3 809
5508 2 827
4610 1 985
1554 4 873
8357 3 530
1043 1 508
1980 5 538
761 5 48
9788 5 604
5870 5 592
1019 5 26
9986 2 499
4733 5 425
5232 3 375
8795 1 536
4039 5 719
7572 4 285
9420 4 812
456 4 419
9217 4 237
8592 3 266
9337 2 880
5032 3 777
5857 4 666
8391 4 2
4150 3 646
2870 1 304
3412 2 881
5144 4 743
1133 2 612
1700 5 681
8649 3 769
9488 4 470
5202 4 128
3159 4 374
898 1 413
995 3 282
7814 4 494
6127 1 833
7923 1 895
4988 3 719
9428 4 56
9196 1 400
3327 4 736
1269 4 395
9101 4 823
1796 4 128
7426 2 992
8950 3 863
7954 2 933
9029 5 779
5425 4 948
5986 3 230
379 2 566
6442 5 635
3419 2 217
7943 1 311
2282 2 536
6927 4 497
4239 5 502
4680 2 751
8094 4 912
7230 5 682
8761 2 689
6081 2 194
5885 4 902
4272 4 423
3168 2 326
7889 3 589
8611 1 888
9968 2 89
58 3 255
9811 1 562
3375 1 304
3342 2 395
4625 3 359
4001 2 665
9016 1 238
3282 5 133
9314 1 835
5002 5 226
462 3 825
2116 1 391
2313 2 493
4782 5 523
4944 2 492
581 4 936
3581 4 689
4698 2 193
1269 1 938
2310 3 498
3943 4 572
9859 3 760
9245 4 587
1307 2 604
3838 2 811
7073 5 993
5965 3 914
8796 1 883
291 4 337
2832 1 826
165 1 239
1991 1 932
6117 3 268
1635 5 122
1924 4 146
6607 3 866
4408 1 145
6698 5 82
5144 2 57
782 5 82
9515 3 115
2196 2 103
726 2 827
4493 5 612
1455 5 105
7324 3 170
8694 3 623
1005 2 266
3226 3 92
5399 2 315
2379 3 211
3837 4 838
8954 1 692
194 5 646
6513 5 144
7960 1 601
1933 5 39
2779 3 726
5361 5 195
2081 1 359
9618 1 991
7838 1 403
7703 1 309
667 3 57
7583 3 235
188 4 853
2727 2 529
6187 5 203
4449 4 376
5349 5 464
9624 4 59
8952 4 931
2048 1 243
5582 1 568
5543 1 259
5587 5 886
1155 5 729
3893 5 973
7942 4 857
9920 5 18
8953 3 704
9464 3 522
57 1 779
3494 4 890
154 3 96
9097 4 741
9222 1 375
5169 1 174
7240 2 43
9866 1 143
2831 3 863
3362 2 486
1286 1 805
3707 2 304
127 3 653
5639 4 60
5166 1 28
4061 4 901
7784 4 323
5802 4 515
646 1 987
6355 3 666
9010 4 797
3083 2 104
8373 3 403
6258 3 938
3331 1 765
9268 3 446
3105 1 268
5286 3 437
5593 1 530
7168 3 149
7574 1 890
2162 4 171
3922 2 713
5692 4 108
4806 5 553
2411 3 593
5468 4 552
8497 1 594
7332 1 900
509 2 326
730 3 327
7713 1 255
1383 1 395
4292 1 944
5537 5 190
8989 2 325
9522 2 222
8830 3 180
4373 3 424
8818 4 463
3801 1 452
3220 2 258
7028 5 730
6680 1 430
1941 4 739
9017 2 872
9180 5 321
3188 3 41
7927 2 598
7901 5 127
835 3 956
5990 5 396
9884 5 470
1446 5 24
1814 3 900
4159 3 187
2761 3 956
5878 5 337
9153 3 559
6126 4 705
2418 4 47
7848 2 230
2702 3 778
1575 4 82
8702 2 943
3144 2 902
1644 1 268
8400 5 560
8054 4 45
250 2 268
7090 5 29
9039 5 327
5973 4 363
3506 5 580
6813 2 895
823 3 734
8207 4 313
179 1 85
4437 5 825
2653 3 950
1896 5 449
6136 3 11
5268 4 208
7628 1 271
7347 5 263
4696 5 783
1312 1 62
7274 1 147
9989 4 284
1321 4 517
4401 2 67
4567 3 705
6137 4 929
8113 2 685
9588 5 561
597 3 767
4500 4 445
784 5 445
1842 3 750
6233 2 60
8873 5 794
5149 1 445
9909 3 472
3923 1 420
4157 3 25
3189 1 638
4948 3 698
8987 5 388
4241 2 968
1181 2 678
235 2 644
1775 1 493
6879 1 734
879 5 295
4429 1 615
708 2 540
1740 5 884
1938 3 649
2424 4 286
7398 1 108
5350 2 324
4887 2 735
6411 4 1
7324 1 446
8729 3 806
626 3 536
8519 4 25
5919 3 732
7653 5 635
4126 5 785
8971 2 497
3379 3 67
9993 5 352
6296 3 500
12 4 565
1903 1 213
8494 1 298
7106 3 48
2497 3 487
1488 2 255
7169 4 819
5082 4 195
152 2 888
1859 3 431
6516 5 938
4187 5 973
8350 1 85
4906 2 183
9403 5 358
2574 1 102
453 2 962
9935 1 47
1606 1 749
5364 5 935
5646 3 133
5766 1 426
6330 1 851
2212 5 931
7078 1 771
4391 4 770
4760 2 510
1455 5 893
5866 2 133
9663 1 145
6704 5 996
9679 2 641
4306 1 388
9088 3 68
3605 3 129
7725 3 828
4673 2 761
5071 2 212
3373 4 104
2954 3 959
8009 1 814
9625 3 307
5123 3 668
2376 1 955
4906 5 762
2116 5 273
8632 3 41
5415 5 607
6471 3 908
1457 5 205
7602 3 393
1706 5 482
4646 2 470
6517 4 343
5998 3 101
9996 3 720
4376 3 414
5590 4 106
5532 4 387
6412 5 359
1775 3 795
4105 2 25
6642 5 112
3488 2 278
7102 5 735
3727 3 476
6951 1 482
1505 2 820
8654 4 160
5324 3 227
189 2 790
5143 2 238
1874 2 617
5443 5 687
6268 2 205
4418 4 301
2884 5 582
2381 3 316
1638 3 267
5257 5 333
4043 3 157
6447 1 759
920 5 242
4699 1 993
4014 3 159
2150 2 790
9497 1 63
316 4 254
348 2 615
7517 5 657
9188 2 182
4866 3 715
6166 4 317
1808 4 515
6979 1 92
2395 5 195
4208 2 658
3516 2 495
3245 2 74
6659 4 315
5455 4 413
1825 4 716
9386 2 163
8404 5 835
8433 3 535
7838 2 952
6182 1 538
3199 1 747
8723 2 618
89 4 808
9725 5 199
4670 1 855
2085 1 413
3050 3 69
693 5 100
7477 4 819
4947 3 989
8914 2 844
6570 2 760
114 2 329
7120 2 509
540 4 156
7027 5 855
1438 5 488
5756 1 868
9857 5 520
6844 2 743
5993 1 141
8807 5 783
6258 5 402
4884 1 799
1599 5 194
8466 3 282
5365 2 362
9392 1 826
247 2 978
3250 4 183
2242 1 228
6977 4 618
6872 4 652
7853 1 825
4631 2 88
3328 2 964
9541 1 193
8887 1 210
4474 1 437
7089 1 966
405 2 227
8201 4 261
3092 1 45
9249 3 82
3732 2 167
7773 3 236
5797 2 640
7242 4 936
7633 1 371
2462 3 552
9730 4 29
9191 5 838
6772 3 616
6998 3 698
1260 5 706
4186 2 241
8202 2 956
6106 3 670
2252 5 776
2225 5 270
1724 1 316
8383 2 953
4924 2 862
9484 4 734
7306 1 752
6550 2 32
429 3 206
457 3 906
4172 1 978
2076 4 922
5020 5 650
6039 3 180
9258 3 87
1958 2 138
5789 4 860
1720 3 326
6306 1 352
9592 2 117
3531 1 29
2170 5 649
540 5 903
5158 2 36
5652 3 377
512 4 28
5315 1 772
6529 2 164
1441 4 22
5552 1 651
2730 2 952
5234 5 984
860 4 129
2839 4 17
3575 1 524
1125 3 114
6345 4 76
3057 3 726
1775 3 993
549 3 762
1112 1 14
2385 1 503
3299 5 343
6361 2 884
8274 2 486
2431 4 179
1455 5 960
6378 2 623
1687 2 668
1703 2 857
783 4 593
3862 1 298
8425 5 115
891 4 961
9046 1 88
3484 5 193
9898 3 30
2694 3 33
5739 3 786
7213 5 135
5051 2 562
2887 5 141
2421 2 150
2273 3 400
7184 1 242
3096 2 485
7589 2 294
4227 2 833
8757 5 813
