40
961 676 568
400 237 123
671 389 924
204 912 119
304 640 526
490 231 11
804 570 705
221 881 817
639 130 385
342 91 844
822 115 88
413 689 158
518 885 135
542 499 152
141 505 729
494 193 960
392 606 866
889 870 173
367 132 672
631 130 262
263 906 310
396 386 663
210 467 21
793 542 676
89 224 429
256 93 11
368 673 28
370 179 498
511 492 985
878 417 320
501 419 122
378 540 262
810 30 962
550 723 755
593 472 820
370 344 202
147 917 275
123 490 77
703 977 760
804 324 894
788 640 325
544 422 260
246 781 452
284 205 571
434 395 465
943 309 25
318 16 941
924 834 953
483 618 375
57 326 62
514 910 770
123 85 2
678 829 793
897 528 620
11 236 830
165 509 6
815 209 851
416 315 391
455 957 946
68 884 248
270 747 205
67 954 512
998 448 251
532 8 159
765 736 146
738 50 427
196 211 200
240 511 381
296 333 62
74 604 499
145 720 897
560 749 835
39 171 869
135 892 225
634 710 752
963 33 797
552 685 620
467 240 331
194 302 40
518 540 968
