798
1879 1 936
2851 4 711
6710 2 948
274 3 812
2044 1 173
5959 2 262
8467 2 775
4490 5 927
1363 5 804
7027 1 275
1171 1 777
777 4 51
8789 1 985
2557 3 753
2458 2 124
2305 3 635
4646 1 422
8896 2 56
3122 5 73
1787 2 979
946 5 15
5656 3 151
7141 3 698
2097 5 36
1087 2 504
744 3 522
5470 2 152
4187 4 752
758 5 552
3398 1 772
7353 4 786
388 2 228
2259 2 996
589 2 419
7894 4 506
8488 5 483
5547 1 443
9987 2 428
785 2 880
9819 1 230
1374 1 419
5218 2 631
7880 3 450
4275 3 173
2676 1 628
281 4 994
4180 5 376
5286 3 515
6508 4 158
2836 2 639
5949 3 191
8640 1 614
8729 2 60
5144 3 711
8450 2 435
2954 4 652
275 3 245
1731 2 958
9683 1 922
647 2 713
2955 1 138
2467 3 529
8099 1 589
9727 4 313
9115 5 55
1700 4 870
2606 3 385
2921 3 924
9137 2 53
7031 1 175
5913 4 417
1912 2 263
477 4 267
6039 4 584
3647 5 50
3727 2 808
1016 1 149
1169 3 210
1901 5 891
1550 1 462
8646 4 361
4492 5 74
7789 1 274
8893 1 91
1039 2 513
2686 2 83
9502 5 685
7139 1 352
3991 1 43
6329 5 65
1820 4 565
9474 1 105
5702 1 990
2117 4 390
1951 1 396
1087 1 626
1138 5 693
4282 4 872
4080 1 744
1230 4 904
275 1 855
1671 5 888
3289 3 583
7175 4 888
5439 2 569
9701 5 898
8526 1 735
5632 1 77
5131 5 832
8437 4 331
8738 1 392
5149 3 630
9822 1 91
6947 4 634
2051 5 721
6397 5 288
6442 2 52
4361 1 309
3872 5 302
623 1 276
2646 3 451
5353 3 719
269 1 926
6092 1 636
9819 3 732
9071 2 330
4912 3 157
9828 4 828
4029 3 615
3821 1 766
9895 4 259
3541 4 908
4407 4 181
4252 4 433
4379 5 623
5407 1 281
884 1 399
1339 3 882
808 3 959
374 1 80
3920 4 540
5664 3 614
9320 3 749
9598 3 139
8185 5 871
1670 5 232
4459 2 466
5497 5 12
4999 5 362
8568 1 294
4023 2 866
5548 3 533
4579 2 123
1862 5 983
9568 1 973
7307 1 417
2637 5 688
5858 2 897
3878 5 141
3713 3 669
2872 1 4
6479 1 754
94 1 350
4004 5 540
3850 4 709
347 3 675
9923 1 476
1348 2 610
7264 4 817
260 1 148
9961 4 110
9879 3 876
94 1 510
1105 3 178
2171 2 677
5274 2 525
2151 3 33
4642 4 264
8300 1 754
3124 4 242
3657 4 63
4542 1 340
3922 3 469
4358 3 511
300 4 904
8498 1 238
8595 2 823
9208 1 774
5464 3 221
1345 1 627
697 2 878
178 5 273
949 1 540
8782 4 793
745 2 186
2705 5 578
7862 3 111
7004 1 999
533 5 546
2232 2 939
3096 2 165
736 3 432
1837 5 810
8153 3 519
6598 2 753
3115 1 717
8739 4 589
8481 3 422
6444 3 858
2735 1 286
7859 3 275
3484 1 217
1916 4 619
2001 1 828
110 5 935
9129 3 870
1218 2 751
5834 1 561
8028 5 761
7697 5 122
1130 3 840
2661 2 700
7293 2 912
9981 1 2
4759 5 461
8670 1 852
1796 1 625
7434 2 509
8856 2 271
7868 2 949
4406 5 578
5094 1 60
4274 1 500
5118 1 823
6474 4 413
8445 2 162
9922 4 390
751 3 83
3027 3 539
4586 3 226
9937 5 958
5936 3 377
5308 5 593
8938 5 69
7160 1 548
5479 2 732
9585 4 554
7540 5 977
8554 4 975
2692 5 717
3318 2 634
6187 5 740
4977 5 775
2516 2 359
1232 4 323
384 5 487
13 2 102
8189 1 133
9557 5 899
2161 4 480
2786 1 164
4156 4 283
1829 1 415
1862 4 53
4213 1 16
9485 2 361
2735 1 891
4686 5 318
1543 5 433
589 3 596
7544 5 730
7436 4 212
3572 4 959
3530 5 334
2828 4 534
9028 4 38
5177 2 928
1056 1 710
9945 4 894
4896 4 915
3504 2 602
1127 5 552
9332 3 304
5512 2 421
247 5 116
3275 4 802
9999 1 419
1348 4 743
9517 4 229
537 3 760
7495 1 110
2595 2 216
8002 1 521
420 2 946
6975 4 811
8893 5 390
3220 2 544
4068 1 463
6175 4 443
3323 1 801
8439 4 691
945 2 276
6882 2 197
7598 1 752
8908 3 269
986 4 452
9013 5 562
1764 5 663
5610 5 774
4554 5 450
5993 2 875
6182 3 3
3490 3 668
5540 2 775
5087 4 424
8786 3 23
1363 3 785
6972 3 451
6095 1 260
4642 5 632
5701 4 188
8782 5 32
2312 5 880
9281 2 26
1619 2 573
5040 1 890
1902 4 860
1006 1 31
4994 2 819
6942 4 824
3492 5 812
5908 1 457
2390 2 375
8754 5 919
1200 1 265
2175 5 888
2461 1 696
5260 1 526
95 3 42
5582 1 198
3154 5 194
7229 4 132
4499 1 616
5514 2 476
1674 2 366
841 3 221
5688 2 952
145 3 791
9465 3 912
9102 1 551
8065 1 735
3150 5 969
6857 3 726
1395 3 424
1751 2 163
2703 1 10
8700 3 997
8742 3 346
9914 3 773
2261 4 587
5926 4 660
4631 2 106
2890 1 946
6815 5 705
768 2 652
417 4 605
1775 1 969
4315 1 191
2183 5 770
5576 2 604
8960 3 884
3753 3 83
9598 4 5
2049 2 354
1147 2 186
5682 5 202
5382 2 576
6552 4 954
7719 2 393
7476 3 40
6507 1 428
8526 1 791
7797 2 710
6072 1 446
5898 1 471
4765 5 573
7485 5 74
7202 4 863
7983 4 166
3119 2 37
3585 3 869
9959 3 374
2888 4 652
4040 1 163
8824 4 626
2057 1 842
5539 2 314
8677 2 774
6018 5 226
2575 2 887
768 5 694
6571 4 90
5426 5 266
6928 1 856
8688 5 553
3689 2 146
8642 5 443
5132 2 160
1715 3 776
193 3 310
7190 2 464
8801 3 647
4343 4 757
5548 4 318
2070 1 266
7276 1 734
3460 5 405
6478 3 983
978 3 570
5803 3 878
3833 5 465
2536 2 801
7661 1 855
6154 1 304
4254 5 286
2931 4 309
7234 3 220
154 3 441
9372 2 986
7749 4 616
5245 3 379
8728 3 870
6523 1 275
8161 2 847
6199 1 581
7529 4 129
4330 5 35
9033 1 130
8301 2 991
4410 1 229
4739 5 955
5745 5 292
761 1 757
2113 2 785
7948 1 911
247 4 713
6648 5 69
6292 5 167
4047 2 348
2751 5 890
4837 5 953
5631 2 355
5146 4 696
3534 3 608
8498 3 982
2335 1 516
5356 4 901
1948 2 745
5615 5 413
7490 4 575
3687 2 160
5957 3 430
7621 2 500
513 4 984
2690 3 264
5524 4 217
6140 4 615
98 3 422
1424 1 812
8817 1 103
5765 3 620
4718 1 487
1082 1 603
6587 2 882
3230 2 898
6199 1 722
5936 4 697
5426 4 193
5452 5 138
7559 3 986
5284 2 478
5368 1 345
3862 5 304
569 5 708
282 1 659
5516 3 759
2144 5 757
7812 4 125
6490 3 882
1887 1 812
4851 2 706
7918 4 558
1552 3 995
9339 1 878
1031 1 131
6123 5 968
3387 1 962
1754 3 735
3746 2 964
2226 5 7
4996 4 873
2669 1 801
5500 2 700
6787 4 679
1241 2 627
6 2 674
4365 4 465
8451 3 146
5216 5 485
7255 1 219
1980 5 62
9480 2 880
4193 4 131
5219 4 448
3028 5 930
351 5 682
3147 3 128
4501 3 999
5178 3 88
1514 4 19
5840 4 235
6916 4 845
6531 2 793
472 3 930
7293 2 421
8583 4 925
335 3 930
8013 2 506
758 3 136
640 3 447
2193 5 454
5099 1 278
4586 2 249
1130 2 158
1443 3 851
8083 3 341
82 5 873
2052 4 946
4992 4 73
6531 3 421
5029 4 871
9166 4 853
7630 2 316
9272 3 420
8258 4 608
6570 5 286
5688 4 786
5490 2 477
8335 5 696
7387 3 467
1137 1 776
3594 4 560
5325 1 432
8726 4 2
2232 3 189
7719 2 438
4162 3 165
5825 4 166
5251 2 891
335 1 178
9362 3 840
5414 5 914
760 2 170
3869 1 193
5857 2 914
5953 5 879
2776 5 574
6513 4 73
1784 1 683
3246 1 160
4929 1 990
8397 5 557
4280 5 426
5276 4 801
5555 2 659
5342 3 729
1474 4 647
5927 2 464
1356 1 32
308 1 222
9439 3 70
4830 3 853
4580 4 956
962 5 715
2572 4 758
5237 3 4
7037 3 97
9465 4 797
1540 2 293
2894 3 520
8298 3 826
2082 2 491
7047 3 439
2591 1 983
9092 3 204
7460 4 989
6173 2 673
4012 4 208
8123 4 337
9358 3 444
1344 5 600
851 3 528
1231 4 375
8711 1 553
4076 5 249
8949 4 624
5578 4 669
7134 2 123
7307 2 863
9378 5 383
6062 1 709
198 3 38
4416 4 190
4460 5 211
9079 3 994
5969 2 618
9066 4 160
4520 2 169
1605 3 690
3757 2 184
3732 2 603
1652 3 935
5741 4 612
6366 1 932
8894 3 680
6330 2 155
3639 4 405
9327 5 744
700 2 124
6172 2 479
6818 1 620
11 5 253
6626 5 429
6304 1 198
183 2 125
7362 1 794
3152 4 174
5044 4 355
9013 5 618
7578 1 640
7847 2 589
5718 3 596
8008 1 777
7288 1 251
9719 5 996
5875 5 948
1408 1 734
7101 4 111
2129 2 272
9911 4 46
8940 1 897
2369 1 500
90 2 320
46 1 22
9037 5 250
2627 3 357
9225 5 258
8244 3 660
5415 1 356
7812 4 314
9333 2 215
3283 5 348
128 3 45
7891 2 272
807 1 269
3800 3 453
8369 5 497
2496 4 862
3818 5 982
6966 4 128
1942 5 736
2679 4 866
2698 3 90
3646 1 616
5533 1 314
7812 2 199
6623 5 604
378 2 747
1570 2 443
745 3 921
9171 4 568
5352 1 781
1892 4 758
3488 1 107
3682 5 939
8766 3 392
2831 5 683
4162 3 288
4642 3 188
8358 1 153
8977 1 731
6557 1 59
2828 5 599
1785 2 943
4451 2 701
1310 3 49
113 4 177
2901 3 906
3866 1 26
4162 2 58
123 4 782
9882 5 205
6308 5 459
1503 4 484
2151 3 920
7826 5 613
1992 4 873
5563 5 157
5940 5 171
4455 1 729
6458 5 546
9147 2 803
1434 4 234
798 1 290
9185 5 814
6231 3 373
4747 5 296
1684 4 111
3013 1 35
1448 1 349
5372 1 140
1511 2 170
3621 5 73
1847 1 540
4797 5 730
3763 5 768
6510 4 220
3115 2 57
2960 3 634
4347 2 799
7332 2 156
134 3 139
4693 4 965
1232 3 828
6582 3 336
3039 2 502
3501 5 746
9896 5 365
1025 3 210
232 3 486
9293 3 934
2298 4 906
5838 2 966
1686 4 623
8348 2 550
5154 2 9
8700 3 963
6696 4 932
6916 3 507
2825 5 94
9554 3 223
440 1 144
8896 2 299
7781 2 929
6268 1 626
8205 4 808
4410 5 77
4750 2 494
3555 5 492
7111 4 190
3147 3 234
5966 5 225
9906 2 306
2517 4 259
5906 2 958
8781 4 885
617 3 788
7904 1 240
196 2 690
3924 4 987
4163 1 588
4222 3 993
5162 2 386
7056 3 592
1860 1 280
8833 3 482
4482 1 871
921 4 499
503 2 311
5792 2 48
873 4 752
5986 5 14
768 1 366
1845 4 19
808 2 347
2364 3 745
5276 3 660
4747 1 297
445 1 102
1830 3 554
1678 5 614
3801 4 484
7659 5 977
2823 2 18
2749 1 655
5377 4 359
8501 5 176
9818 3 611
1543 4 784
7210 2 467
3942 3 836
5928 4 755
5698 2 400
5762 4 385
6932 1 7
5491 3 607
4497 5 401
9009 1 517
9100 4 956
578 1 30
9437 5 593
8045 3 216
197 4 62
2059 1 548
354 3 361
3463 2 543
5798 1 929
944 3 949
2024 5 756
3056 4 164
4590 2 300
8294 2 533
2941 4 97
7314 4 961
5032 2 121
980 4 743
185 2 975
9171 4 744
5055 2 329
4068 2 622
2389 2 762
8982 4 952
9198 2 108
4523 3 383
6137 1 7
457 3 172
9912 1 819
2152 5 781
5802 4 496
9899 3 490
6061 5 424
1976 5 220
1684 2 893
1104 5 768
1409 3 72
7242 3 135
4962 1 697
9078 4 998
9757 1 392
5158 4 582
9340 1 50
2967 5 108
7185 5 538
173 4 631
2280 5 831
8339 2 777
3586 2 155
8062 2 556
8125 1 291
7569 2 448
2954 5 992
283 5 204
4942 2 158
4919 3 545
5349 3 249
7461 4 810
8237 4 784
5437 5 858
770 1 620
3895 3 994
2338 4 973
4128 3 507
4500 2 287
947 1 664
6567 5 277
7872 2 10
7954 5 680
4596 1 823
353 2 691
3442 5 512
9604 3 305
9269 2 37
6761 2 334
5897 2 153
9727 1 371
1047 2 31
3845 3 269
8815 1 223
8643 4 961
4208 2 185
7323 3 896
4166 3 157
7712 4 397
2224 5 567
3491 3 978
5161 3 730
3653 4 642
8386 2 584
4185 3 249
937 3 774
2679 5 476
3082 4 965
9023 5 860
8953 5 222
300 3 689
3136 5 339
3425 4 750
4990 3 789
9834 3 224
5444 1 705
9915 5 168
8338 4 343
2171 1 123
7446 3 72
1998 2 880
2834 1 788
2472 5 733
1669 4 140
5331 3 504
1990 4 60
6887 2 884
4776 1 848
9068 5 725
2781 1 112
9271 2 339
341 3 4
8462 3 265
3316 4 428
3786 1 40
6854 1 54
1140 1 629
3 4 486
155 5 957
9529 1 787
5712 2 466
3394 5 535
8634 3 1000
7968 2 802
1736 4 266
2106 4 324
6570 1 591
5789 5 680
8693 3 946
3571 2 972
19 5 784
1747 5 215
2622 5 952
6677 5 469
5797 1 175
3022 5 570
3716 4 645
7502 4 938
5400 1 841
5677 4 122
5845 1 419
1074 2 201
6519 3 206
3380 3 403
5513 5 698
1359 5 117
6343 3 762
5606 1 583
1297 3 859
8331 4 893
8136 4 420
3914 4 491
3952 1 302
2940 5 835
5872 3 908
2679 4 62
3111 5 87
9725 3 478
5409 4 619
9215 5 162
5096 1 770
7783 2 72
5582 4 304
3253 2 897
5394 3 583
3941 4 375
8656 2 951
5317 5 746
2138 3 118
5035 5 443
9938 5 962
5428 3 37
6362 5 901
9602 1 452
866 1 22
8176 3 933
9958 1 330
4407 3 705
5603 3 643
5554 1 102
4643 5 556
4668 4 578
8160 2 883
5773 1 969
2535 4 118
9707 5 192
5292 4 953
7593 4 962
1656 1 204
9769 1 122
3388 1 535
294 1 143
7846 4 871
8229 3 326
3706 5 482
616 2 800
2388 5 542
7867 3 762
3073 4 658
4782 2 633
229 1 256
5940 5 967
2952 3 710
2633 2 300
3667 4 35
4874 4 568
1004 2 83
37 4 312
1628 3 928
2996 5 910
7913 2 449
5777 3 211
2849 5 979
5059 3 859
8634 5 50
4774 3 440
5351 4 423
7385 5 680
5673 5 520
9019 3 479
3446 3 502
9775 3 785
5992 1 312
1629 2 687
6241 3 903
3614 1 248
4264 2 739
7175 2 101
5724 3 14
3276 4 211
1137 3 549
7966 3 76
2188 2 986
6525 1 515
1859 4 735
9936 4 333
3967 2 296
4278 2 572
3415 5 735
6416 3 725
1957 1 806
738 4 347
2333 4 659
6362 1 762
2111 4 126
8486 3 994
2207 4 18
53 2 925
4998 2 554
35 5 262
5092 3 542
3437 5 966
5677 3 708
7448 4 460
6584 5 829
5857 3 803
8208 3 950
1544 2 780
5309 4 252
8621 1 742
7325 3 116
5633 5 759
2732 1 701
5392 4 494
1613 5 999
4973 5 201
4022 2 815
5639 4 727
4578 2 405
4032 1 284
8972 2 761
837 3 805
9769 4 37
6355 1 108
1870 3 262
7278 4 314
8752 5 223
680 2 159
4907 3 924
6840 1 899
2230 5 901
2262 5 633
8672 3 587
9015 1 953
8461 2 765
3943 2 943
2435 3 806
2004 1 922
3493 3 414
9510 2 409
4104 5 440
1068 5 873
1065 2 405
9836 1 113
7796 1 462
2977 1 736
1786 5 670
797 2 1
6910 4 238
60 1 515
2294 4 348
2852 4 946
503 5 378
7146 4 451
657 4 516
9923 2 279
9118 1 816
8218 5 523
2707 1 968
8722 4 488
3613 3 90
7842 2 436
9708 1 72
5155 4 270
7044 2 434
2376 4 278
1953 1 769
9688 1 18
6893 4 401
9367 3 955
7505 4 172
4943 3 224
6492 4 349
1549 3 229
8701 5 718
6735 2 632
7235 1 142
6775 5 702
7998 3 728
8871 5 501
632 3 300
9289 5 437
5075 5 419
703 3 181
8094 4 623
1888 2 353
606 5 790
2092 4 955
4414 2 290
1434 1 375
6141 1 395
9747 2 873
2716 2 604
5909 3 693
861 4 385
715 1 697
6297 2 801
1464 3 920
2506 1 212
4062 2 154
5729 2 460
6287 1 563
342 2 372
1050 5 587
2862 4 209
5506 1 287
4786 2 27
3689 4 197
3251 1 132
7457 3 734
8986 2 796
8311 5 423
3272 5 675
7067 2 731
7649 1 9
6303 5 926
2432 5 670
166 4 157
926 5 237
5122 2 602
3409 2 754
9776 5 322
5696 2 986
6722 1 655
3863 4 667
1246 2 501
4329 3 799
929 1 426
697 5 315
7891 4 713
2959 1 62
5804 2 272
1344 5 190
4973 5 727
4950 4 531
594 5 181
9071 1 364
7697 1 458
7834 5 930
8732 4 58
2054 2 21
4293 2 11
3102 2 839
9818 1 275
8936 5 627
7223 1 419
7758 1 764
7239 1 397
889 2 327
2291 3 209
802 4 279
3321 3 413
8546 3 907
6216 3 128
6798 5 67
6235 1 866
7181 2 759
487 2 61
8946 4 782
4205 5 57
1324 1 291
3000 3 560
5938 1 705
1801 5 992
4016 3 935
4074 4 525
8594 5 22
150 5 154
8790 2 772
2946 4 727
5342 1 559
4164 2 854
4252 3 29
2706 3 167
183 4 765
8269 5 532
4003 5 275
6351 4 351
759 5 375
3580 5 665
1727 1 221
8705 4 500
2258 5 375
455 4 838
6078 5 182
6936 1 453
2723 1 757
9676 1 904
5483 2 210
2262 2 142
1248 5 82
7298 4 205
2800 1 344
3474 4 279
3561 4 591
4143 2 278
3426 5 265
8939 5 749
9952 2 118
8469 1 826
3509 3 428
8960 4 249
5401 2 349
1148 4 960
7464 3 175
7551 4 917
2929 3 954
7044 4 955
6135 2 773
2790 5 646
2650 1 551
4692 3 937
6883 1 381
2411 1 813
6279 4 101
8366 2 395
3595 3 143
5736 3 607
3040 2 684
1826 3 68
3410 1 791
7378 4 786
21 3 414
8985 4 773
4221 5 401
5342 4 884
5752 2 130
8571 2 861
3335 1 750
1711 1 151
2686 2 73
2767 4 608
5395 1 923
3661 3 935
5107 5 299
6238 5 588
5721 5 581
1813 1 711
6112 5 245
9664 3 851
4862 5 911
5238 3 21
6942 3 139
7179 2 176
281 2 435
3445 1 728
2095 3 453
4332 2 815
477 1 382
1485 3 504
147 2 536
9852 3 245
4132 4 345
9984 5 452
1995 3 958
8530 5 21
1331 3 165
2870 2 620
3589 5 531
764 3 678
8464 2 303
8949 1 544
3113 5 728
3973 2 671
7466 5 27
9188 5 923
3972 4 347
9904 4 872
4241 5 989
3925 4 733
347 1 35
30 1 247
2274 3 276
6362 3 260
6545 2 411
5806 4 719
8433 1 616
4526 1 73
8644 1 213
4964 2 253
9461 1 709
1094 4 61
6446 1 781
5970 2 4
7503 4 444
1143 3 471
4846 1 375
3380 1 283
4621 3 953
4790 2 729
7835 2 803
3334 2 736
7489 5 692
7606 5 379
5434 2 169
7526 2 439
2642 2 903
3087 5 246
1408 5 863
7162 4 510
1698 1 684
4822 4 936
6048 5 281
7103 5 661
8950 1 273
8832 1 305
2040 3 714
2667 1 867
9536 5 937
3876 1 804
4323 5 925
4870 2 462
4391 1 789
6938 5 887
7047 2 299
2951 5 228
1235 4 716
3730 1 964
7109 5 600
3183 4 868
1707 2 871
2855 4 536
2276 5 969
420 1 898
7687 2 711
7151 5 869
4115 5 955
391 3 440
3504 4 250
6215 1 164
3366 4 404
7358 1 816
211 5 219
8151 4 95
1181 2 791
463 1 35
4820 5 437
1596 3 28
8300 2 220
4199 4 8
4441 2 342
2479 5 412
6521 4 996
4702 1 528
9417 4 153
1661 2 928
9272 4 159
2012 2 417
1700 1 792
4088 5 523
4701 4 155
1064 4 185
3390 3 593
6553 5 606
2340 2 590
9375 5 344
6305 4 40
5056 2 588
4131 5 434
4696 1 551
8887 3 645
1399 5 187
2657 3 127
9331 3 729
3259 3 283
4143 2 68
7134 4 401
1140 4 33
3956 1 684
1523 3 283
2499 2 510
600 1 879
2043 4 772
6677 2 681
9599 3 242
7196 1 490
6624 1 90
8448 1 636
3551 3 318
6711 4 696
5756 3 937
3235 1 742
1669 4 521
8264 5 179
4651 1 902
7684 5 757
7540 2 479
2168 1 748
8736 2 609
2535 1 48
771 1 251
6732 4 408
3894 1 297
9586 2 392
4496 5 998
4103 2 436
9933 1 727
5010 3 610
7216 2 714
8761 5 411
8313 2 436
808 3 653
7515 1 117
3032 3 180
8367 4 457
1679 1 630
1895 3 756
9353 5 18
969 3 266
3746 1 188
3367 3 917
1178 2 756
9261 1 306
2045 1 434
463 3 762
2017 3 370
2621 2 548
7789 5 255
2714 5 890
2979 1 404
1757 1 894
5778 1 255
7729 1 799
3395 5 216
6659 1 373
767 3 600
5967 5 705
3328 4 99
6683 2 862
322 4 773
4959 4 880
929 2 834
1051 4 950
6693 1 291
6704 4 14
9885 2 973
4449 2 462
3705 4 818
7752 4 483
5583 4 381
7681 1 530
1578 1 204
2540 4 310
1216 5 502
4660 4 214
9778 4 119
6423 4 56
3582 2 945
3682 3 804
4352 3 791
853 3 684
7573 5 354
939 2 27
2484 3 190
2394 5 69
4161 4 759
3221 3 313
9242 4 762
1149 2 369
3007 5 367
8736 5 776
1993 5 835
9652 2 919
7073 5 508
3503 2 708
1208 1 13
8959 2 944
6878 2 964
9931 3 348
2020 3 514
8767 5 698
232 4 458
9744 2 226
247 5 804
7853 1 555
346 3 256
190 4 748
3913 4 864
4156 5 477
3496 2 699
1113 1 75
4481 3 856
8700 1 173
9814 5 873
4755 2 989
5775 3 995
7626 1 436
9196 5 582
8178 1 435
8126 5 373
3875 1 410
6104 4 424
950 2 827
9789 2 927
4838 2 712
5353 5 422
1781 1 232
6026 4 975
8844 1 408
8509 2 791
2257 4 835
6024 5 40
4586 1 922
4147 2 164
5478 1 1
296 5 214
1694 2 240
9103 5 697
9955 3 339
2694 3 153
4002 1 369
2264 3 236
7674 1 8
6597 4 543
9241 5 824
713 5 253
10 1 305
4069 4 730
9425 4 411
403 4 424
695 4 715
6452 3 81
9079 5 69
373 3 660
3367 3 705
7817 2 97
1486 1 408
3943 3 621
1945 3 86
9938 4 139
280 1 31
1774 5 743
