658
7860 1 11
4175 2 894
170 2 21
5106 2 962
3253 5 635
8478 5 25
2595 1 113
8233 2 412
4008 1 149
5747 1 898
8400 3 359
2527 5 731
4565 3 446
3184 5 401
2059 1 481
8247 3 36
5761 1 136
3001 1 581
330 5 5
178 1 7
8179 2 898
2867 1 837
194 4 686
8418 2 304
2715 5 14
2697 4 919
2024 3 964
4978 2 456
5712 4 940
5199 4 846
8738 1 106
8053 2 754
1352 5 722
3980 1 450
8874 5 160
6703 1 591
6659 5 406
2003 2 748
3208 4 633
9506 4 384
5538 3 436
604 4 156
9416 1 805
9812 4 524
3646 2 744
3018 4 421
2722 5 930
4839 5 435
6754 5 917
4448 2 350
6248 4 456
9568 2 407
283 5 269
5306 1 570
5263 2 998
7088 2 664
8683 3 751
1155 1 360
5583 5 811
2423 3 396
7161 3 173
2866 5 183
4007 1 366
584 4 67
8765 2 59
9990 3 172
1370 5 789
5405 3 1000
4161 5 851
8207 3 92
2218 3 706
8429 3 911
9043 3 304
1971 5 518
5413 1 827
9747 5 218
4311 4 794
3930 1 581
8023 5 485
841 5 690
2425 2 164
5082 2 210
5352 5 581
3365 2 403
4924 2 489
5373 2 112
7461 5 538
9303 4 627
795 3 587
658 2 586
3975 5 559
3101 2 163
2515 1 183
7478 2 385
9522 1 776
8288 3 183
141 2 30
6180 3 976
4484 5 778
749 2 609
4109 4 809
1123 1 165
4458 4 157
3417 4 921
7670 5 453
3798 5 549
5644 2 189
4163 4 905
7145 1 551
3765 4 777
6499 4 604
1631 3 83
4061 2 616
7794 1 649
1796 5 143
9587 4 645
7257 1 763
7726 3 734
2356 3 953
694 5 811
5211 5 563
7667 5 848
2992 1 840
6967 4 79
5166 5 943
8276 2 84
4938 3 825
9648 1 847
9570 2 696
8187 4 994
3579 4 385
3087 1 12
8371 1 496
6984 3 727
946 2 871
4765 5 564
8643 2 8
7689 3 660
5529 1 514
9501 4 297
4885 4 510
3033 4 650
7409 1 305
5557 5 629
7589 1 941
2846 1 300
9943 4 595
9244 3 844
759 2 680
1109 3 797
1548 5 400
8540 5 153
7326 4 32
133 5 722
9630 3 30
9959 3 829
3481 2 921
2873 5 830
7903 2 529
2808 4 594
2360 1 723
7850 1 912
9673 2 329
3512 5 509
5247 3 580
6783 3 12
1766 1 744
9710 5 515
1602 3 559
9591 5 263
7226 4 608
4530 5 542
9784 1 764
3263 4 683
1489 4 206
2225 2 176
4021 3 904
9483 5 358
7187 5 538
5595 2 248
7837 5 928
5496 1 317
6269 4 535
2596 5 990
3044 3 75
3128 4 68
8144 1 265
8214 1 333
1414 4 54
5957 1 818
1662 5 265
2132 1 105
2666 4 439
4735 4 990
1513 4 600
853 3 514
341 1 943
46 5 359
2867 2 73
3859 5 757
6809 5 279
6731 1 239
5049 5 652
4970 1 933
5518 5 709
1925 3 955
6257 4 615
5601 5 13
8209 4 577
8113 5 428
1087 2 874
891 1 889
3247 4 53
2557 5 394
9365 3 873
1712 2 567
3422 2 864
1922 2 446
7246 5 78
5518 3 92
1871 1 368
963 4 802
5224 4 502
6713 1 915
1672 4 805
5608 1 888
2257 2 301
6720 3 783
6200 5 549
8382 2 482
3977 2 457
7216 4 325
3624 2 385
7518 1 816
8074 5 481
5911 3 984
9123 4 947
8077 5 585
7628 5 841
3832 4 136
1287 5 273
1314 1 452
9134 4 814
8482 5 461
8506 1 665
8308 2 642
4812 4 318
2588 1 607
6681 5 684
7090 5 195
4902 2 798
9609 4 709
2367 5 581
796 2 113
7858 4 833
6627 4 933
5927 3 990
3150 5 271
2305 2 300
5667 2 873
348 1 577
8856 5 26
1461 5 821
2492 3 591
1010 4 749
1119 3 510
620 2 785
9903 5 29
1474 5 431
8591 4 909
5677 2 872
1959 2 295
313 1 69
1979 2 638
7101 3 459
8456 3 124
2933 3 903
864 5 721
9906 2 214
4098 2 400
6561 4 812
7967 1 696
1475 5 353
1426 3 729
9752 2 996
1384 4 209
9341 5 382
7370 3 918
309 3 401
2958 3 305
3180 2 479
808 3 598
8666 3 539
7513 4 533
7609 1 642
8155 4 665
7953 1 892
2555 3 871
5189 5 694
4298 5 49
8683 2 732
4054 1 723
7948 5 853
6699 4 406
1311 3 349
3486 1 352
3576 3 260
248 4 86
8008 4 669
5702 3 406
7705 2 56
6775 4 117
6317 1 32
5819 4 353
8616 5 64
6882 1 506
6528 4 805
4663 2 409
7478 3 844
4619 2 674
6431 1 65
8537 4 667
6853 5 968
5371 2 119
683 2 791
7553 3 42
1554 4 776
9701 4 870
8814 3 506
5180 1 488
9946 1 431
8597 3 621
7861 4 909
2853 1 201
6298 1 394
7300 4 721
4255 1 348
2643 5 159
320 4 105
4508 1 19
3912 2 871
8076 1 609
7165 1 940
1534 3 340
2395 4 471
7567 1 630
1733 2 557
2542 1 924
1885 3 455
2965 5 657
5028 3 254
4213 3 629
4864 4 815
4272 1 762
8321 2 573
9116 3 827
1534 3 769
374 4 592
1450 5 952
9791 5 651
3481 5 282
1022 3 922
4940 1 798
413 5 246
3796 1 207
3987 5 974
8955 1 575
778 1 316
3451 4 70
5489 5 785
3789 2 892
7008 1 188
5275 1 584
6607 5 904
6610 5 219
2333 1 475
9886 5 651
3574 2 659
2122 1 555
5942 5 741
7162 4 703
9817 5 329
190 2 447
1191 2 696
5184 1 345
5809 3 761
7123 1 379
8073 3 358
268 1 509
9187 5 152
982 2 9
7019 4 764
6829 1 316
9785 3 683
306 1 75
5663 4 380
8843 4 573
4652 3 503
8282 1 754
7823 1 445
8964 4 834
4238 4 619
953 1 549
1404 2 348
5845 4 715
4462 2 398
1477 2 295
1115 5 728
4218 1 734
6596 1 570
609 3 364
9774 2 587
9388 1 212
3089 4 271
5863 1 496
5225 2 314
8806 1 525
1454 1 333
6976 5 389
3710 4 712
8798 3 971
7298 1 995
8338 3 904
2999 3 415
8111 5 486
6305 1 193
2447 4 491
6806 3 44
4468 3 947
666 4 214
6329 3 813
4263 3 213
9699 5 66
7139 1 39
9317 4 685
3485 1 534
3118 4 113
2030 5 279
1338 2 280
6035 1 37
3097 4 129
7405 2 5
3875 2 309
935 1 864
4257 3 758
3725 2 29
5387 3 307
5286 1 223
9393 3 980
8032 3 361
7333 5 964
4289 3 249
8932 3 300
2092 3 179
9337 1 843
2373 3 762
1036 1 769
6679 5 279
7016 1 166
4151 2 588
5338 1 502
4229 5 914
6873 5 173
5568 2 54
6504 1 286
3067 1 658
7300 5 607
9703 3 552
5302 1 631
1602 5 326
4312 2 598
3897 2 278
1659 2 879
1477 3 726
6375 1 490
5393 2 901
3873 5 799
7484 5 96
6528 2 262
6692 2 195
3745 3 928
4283 5 28
8690 4 131
4266 3 236
4423 2 498
9004 3 263
3601 5 871
4941 2 878
1479 5 476
3248 2 400
7025 1 497
1332 1 210
1511 3 578
5887 1 263
9320 2 753
1483 2 389
5700 4 713
1852 2 140
8643 4 946
3104 5 808
8029 4 72
5371 2 774
9160 4 57
4900 2 247
1136 5 813
5864 2 865
3740 5 904
5425 2 412
2189 2 787
821 4 89
1714 3 840
9963 1 353
2059 4 989
5099 2 792
1761 2 861
4935 5 876
3630 2 93
5778 1 618
7857 5 106
9733 1 294
5429 1 701
3144 4 585
2159 3 794
6124 4 684
311 5 87
3445 1 131
2208 2 610
3600 3 615
632 5 377
5938 3 635
7253 4 231
5636 5 631
1914 5 590
5398 4 953
1809 1 529
9509 3 876
5563 1 854
4136 5 796
4805 4 305
3306 2 497
165 1 962
2102 2 154
9505 2 613
8086 3 118
8382 2 28
1221 5 203
7031 1 569
708 4 515
1611 1 116
4555 3 493
8848 2 822
5447 2 276
4161 3 346
1043 2 249
1567 4 23
110 4 284
1783 1 514
7753 1 52
7757 2 49
9655 1 704
1027 4 930
3193 1 209
566 2 367
5466 3 188
5186 2 60
4436 5 79
2553 5 460
8907 5 828
6652 5 71
5758 4 727
7241 5 384
3627 1 474
9620 2 283
5785 2 593
4627 3 858
8862 1 966
8341 2 435
9303 5 123
8684 3 339
6858 2 18
5567 1 789
2255 1 79
2939 3 150
6196 3 874
3316 2 645
184 5 343
7434 5 956
9014 4 951
8311 1 441
5937 3 715
3956 1 733
4285 3 366
645 1 477
9279 3 790
9183 1 321
8731 5 337
2985 4 800
6163 3 684
2538 5 150
8662 1 393
4875 1 855
4503 3 826
5857 2 182
8009 3 249
7875 1 1000
8128 1 817
1436 5 558
1912 4 623
6866 2 425
6502 2 921
28 5 492
1465 3 926
1106 5 381
6381 3 368
3690 3 87
7466 4 425
2002 3 612
3521 1 105
8203 2 403
4299 4 759
4833 1 891
7076 5 712
2362 5 605
2397 4 517
298 1 450
6440 3 427
4740 1 474
5216 5 542
8101 4 560
5112 4 311
4807 5 593
5509 1 583
4301 1 446
2364 2 912
5218 4 472
4023 2 315
924 1 130
7763 1 864
9546 1 233
943 2 945
5464 4 888
9974 5 73
8952 3 520
4094 2 234
4932 1 515
9780 4 141
1649 1 493
7381 1 59
1260 1 385
8157 1 784
1666 5 10
8035 1 131
8320 2 370
7215 2 287
8979 4 624
6497 4 353
1156 2 818
8540 5 410
8566 3 200
3945 5 900
8772 2 311
4272 3 424
729 4 972
629 1 570
9025 1 246
9064 2 460
9568 5 57
560 4 505
7697 5 2
3091 4 698
9951 3 389
9848 2 513
4300 4 575
9859 3 309
8455 2 311
2491 5 319
9878 4 910
5640 4 827
4685 4 881
229 3 871
6802 4 158
9780 5 255
318 1 405
1587 5 949
6221 3 288
9611 5 297
2902 4 910
3674 2 227
7820 1 245
818 4 246
887 2 630
3852 4 890
3846 1 183
9985 2 274
8262 5 982
8901 2 690
4808 1 999
9127 3 387
6326 4 699
739 4 137
8784 4 45
6386 3 262
8574 5 887
3108 5 229
4164 3 283
4451 3 317
9032 4 285
3527 5 808
385 5 921
7536 2 327
9812 3 414
6404 4 281
9399 3 805
6780 2 690
4464 2 44
1584 2 95
1185 4 684
3946 3 538
4584 1 263
6909 1 973
8570 2 365
2538 5 792
2728 4 515
3198 3 341
3087 3 335
8740 2 227
9888 4 146
9056 3 142
6269 4 954
4510 1 926
9850 3 259
9761 5 974
8256 2 526
1668 5 411
796 2 561
7708 2 658
5257 3 283
3375 5 40
6180 2 791
1375 2 358
7476 1 409
116 2 740
6186 5 286
125 4 354
798 5 974
475 5 349
1956 4 983
4713 4 675
6941 2 878
1122 2 586
557 5 713
6993 1 931
4137 1 11
8332 2 567
2444 3 43
7347 5 267
7042 5 165
2956 3 74
2559 5 712
4037 5 386
7684 2 851
7281 2 35
9809 5 265
6804 1 29
4463 4 2
7914 4 198
750 4 308
2265 1 575
500 2 271
6378 5 490
6693 2 140
5797 5 896
3784 3 734
2587 5 9
6536 2 284
4220 3 335
2469 2 350
119 2 969
7247 2 692
5138 2 796
5769 3 913
560 3 222
3249 3 61
5622 2 999
1000 5 596
7944 1 350
5711 3 146
7089 1 393
5777 2 648
5511 2 60
3800 2 547
4284 4 908
2455 2 407
9510 1 434
272 4 896
4934 4 995
6516 4 677
2147 3 996
5607 5 931
1806 2 591
725 5 113
7279 2 536
2522 2 951
6876 2 781
4655 1 173
2345 3 763
7400 4 597
6926 5 611
1360 2 352
1797 5 153
9818 2 274
6746 5 529
6775 4 844
6554 3 767
8933 5 80
9203 3 75
5913 1 2
1928 1 373
8250 4 945
2682 2 923
113 1 103
9532 1 527
2865 3 297
7233 4 719
6209 4 537
8623 3 106
4026 4 907
2840 1 985
2384 2 202
2053 2 52
9684 3 524
510 4 597
8512 4 482
9034 2 958
1333 1 656
2733 5 215
9395 2 443
2162 4 43
5956 1 634
6311 3 856
3635 5 879
4886 4 617
3538 3 197
620 3 958
7891 4 899
4326 3 178
8618 4 456
4083 5 742
8868 2 785
4618 4 900
8639 2 960
6459 2 357
2877 2 119
4590 4 512
8964 5 575
266 5 397
8514 2 87
3023 1 212
415 3 744
8300 4 106
2982 4 72
636 3 366
8430 1 850
7483 4 45
5450 5 731
9696 2 99
9191 5 49
3875 2 830
5665 5 453
260 3 434
8304 4 143
9314 3 952
5772 1 836
6894 2 334
6251 4 196
6050 1 651
5682 5 182
8222 3 785
4019 2 188
3358 4 235
2637 3 773
2486 4 74
7660 3 889
6333 4 283
3584 2 151
2594 2 657
8428 4 899
6418 4 338
1555 3 915
8090 2 365
5538 1 415
9926 4 609
7171 5 415
6674 5 241
276 1 418
9528 4 660
5942 2 119
6995 1 148
9832 5 169
1283 1 332
6705 3 234
7257 1 675
3588 1 375
5792 1 743
2412 3 199
6540 5 731
4877 4 351
5121 1 84
5120 1 492
5109 4 926
4181 2 636
4568 2 732
6123 1 443
5201 3 835
4042 2 733
8531 4 950
8141 4 801
7711 1 651
8774 1 846
3200 5 768
9038 2 830
6550 5 838
4487 1 859
3873 4 952
3360 1 964
4743 1 565
5214 1 995
7410 5 560
4171 5 396
8980 5 707
2629 3 516
3112 4 766
5483 2 316
3577 4 564
9799 2 882
9588 2 103
8265 3 331
9580 3 865
4154 5 995
3969 5 782
3375 3 680
6530 4 897
2423 3 970
1479 5 740
1803 4 242
8341 2 754
7645 2 468
299 1 791
1693 5 882
494 1 806
7183 4 86
4527 1 534
433 3 804
781 4 19
780 2 686
3938 1 465
1778 1 202
2093 2 722
7832 2 898
3287 1 687
6714 2 293
4070 1 482
4496 5 767
9272 1 442
6536 2 126
7111 4 741
9281 1 834
6271 4 774
3407 2 385
6302 1 643
4501 2 128
7064 1 897
9240 2 721
1475 4 733
2087 1 924
433 4 413
3838 5 789
5492 4 503
5144 1 496
4015 1 430
6178 3 429
9057 1 876
9153 1 196
4835 4 172
6 1 616
9040 3 549
5347 3 657
4766 4 568
8486 1 304
7302 5 512
5398 3 90
585 2 761
8872 1 885
5184 1 308
1772 2 700
8769 5 635
3352 4 510
8832 5 302
7250 5 238
108 3 747
4481 1 258
9364 2 80
3656 3 833
719 3 633
7799 1 889
1646 5 14
3535 3 391
905 2 318
8907 5 136
8475 1 177
500 1 963
7049 4 567
7203 5 418
7343 5 677
3072 1 46
2971 2 803
4280 2 719
6412 1 263
9734 5 240
4290 2 388
8478 4 844
711 4 555
9317 2 325
5379 2 753
702 2 543
5847 3 888
9400 4 875
9476 1 717
5390 1 476
5862 2 485
9137 4 384
6442 2 666
3000 2 724
7642 2 916
6120 2 186
9488 3 165
255 1 707
6300 4 25
2567 1 658
3722 3 256
6259 2 38
9558 1 397
2668 3 863
1812 3 536
3255 3 314
1932 5 548
9889 3 623
4966 4 360
7337 1 488
879 1 385
8567 5 445
813 5 186
2664 4 280
7846 1 640
3444 1 966
9036 2 99
2586 2 245
6601 5 20
2311 4 3
1496 4 20
5634 5 436
2552 5 677
652 2 746
6286 2 23
1972 1 382
8076 1 200
2653 5 818
1548 4 965
4560 3 560
6834 1 832
2424 4 29
6877 5 65
8706 1 483
5431 4 808
669 5 70
435 2 451
2017 1 504
404 2 679
3410 5 754
4699 3 124
2178 5 928
6954 1 43
8684 5 647
184 5 31
353 1 468
5750 4 931
3720 3 573
9021 5 393
304 5 603
4325 2 2
3143 1 37
766 1 285
7143 4 902
9512 1 690
2249 4 465
7729 3 872
6531 2 290
43 3 798
2669 5 806
1013 2 826
8407 1 223
3862 2 711
4643 1 71
4097 2 598
6030 1 213
2614 3 377
2100 5 940
9037 3 320
2613 4 386
2243 5 950
735 3 112
7793 1 516
7279 5 856
6981 2 811
7598 4 501
9254 3 201
5345 4 758
6042 5 334
5540 1 46
998 2 53
1470 4 894
7697 1 278
3038 4 510
3236 1 124
4203 2 171
9396 3 544
7748 2 319
5157 4 129
6116 2 482
1274 4 669
3122 2 295
5488 4 278
8874 2 251
96 5 632
6038 5 309
3043 4 90
9408 5 206
3398 2 998
2055 2 553
4976 3 707
5433 4 741
7898 2 837
5842 2 154
6181 2 369
6528 5 808
3298 3 986
1478 4 868
9499 1 123
2599 3 167
8776 4 236
3443 4 876
7715 1 585
4866 2 117
520 1 662
1897 4 402
3244 2 151
4449 4 204
4779 5 872
504 4 169
5040 1 875
8914 4 180
7989 5 431
5328 2 361
6092 3 995
1489 5 896
9469 3 412
3039 5 622
9758 3 615
7616 1 875
5712 2 333
2568 3 175
6563 1 303
1922 2 949
5922 2 852
6662 3 97
1116 1 256
9506 3 69
4754 2 63
2459 4 912
5981 2 567
2122 1 582
6112 5 629
1888 5 711
155 4 550
7552 1 338
3988 1 342
5977 3 684
2164 4 532
5970 4 977
569 2 676
1940 4 600
8318 3 69
2450 5 671
2137 3 813
760 3 274
4776 4 441
15 2 937
7700 4 120
4026 3 638
2214 1 464
6753 5 662
7265 4 332
6815 5 732
7483 2 153
2857 1 729
5440 5 209
2800 5 176
539 4 47
1637 3 193
4318 4 977
3756 3 700
85 5 110
4552 5 768
210 5 582
9207 5 317
8136 3 62
7513 2 153
9064 4 225
8809 4 47
6476 4 659
3563 5 630
2671 2 544
6720 3 414
6319 4 892
8850 2 959
2913 4 70
667 1 731
6782 4 894
2554 5 418
4799 1 642
9011 2 766
8019 1 149
2263 2 348
9351 5 92
7341 5 468
9394 1 851
9574 1 179
2317 2 356
1679 2 382
2265 1 548
9407 1 342
7474 1 298
5999 3 383
2799 5 295
3611 1 390
7936 5 690
6463 4 713
4806 3 448
2444 2 22
4406 4 21
3739 2 139
9046 5 751
4147 1 800
3235 2 791
6916 2 380
9528 3 903
6800 1 660
1851 5 857
3777 2 663
6104 3 785
6539 4 897
7962 3 927
4075 2 47
5912 4 738
5284 4 508
91 2 986
4011 5 858
3400 5 535
4969 2 662
6401 3 943
3692 3 462
2082 4 330
1608 1 731
4207 4 305
522 3 50
5291 4 52
2303 1 491
5888 5 993
6927 2 433
2583 5 507
72 5 315
9728 2 930
3403 5 126
3041 4 27
4950 1 274
5001 1 16
2278 2 482
5186 4 484
3591 4 690
877 4 441
9083 5 997
8468 4 22
5140 4 762
5604 2 25
3913 1 202
6693 4 586
8181 1 995
1648 3 703
6687 3 435
6273 4 336
6146 2 498
6634 2 118
7599 2 237
5125 4 905
2466 3 901
8100 1 235
3388 5 945
3428 2 972
1542 3 75
2193 1 544
2359 4 981
3456 3 806
5824 1 605
8154 3 936
3895 1 411
4324 1 732
