856
6583 3 529
107 3 500
7863 2 544
603 5 483
1606 1 184
6383 3 77
8386 5 474
3650 4 224
3346 4 330
7584 5 775
2925 1 593
7378 5 644
1628 3 832
5825 1 730
1302 1 67
3495 5 806
3808 4 828
5785 2 364
4855 4 319
1860 3 385
1681 1 790
1730 2 891
4699 5 105
9577 4 771
7637 5 740
1205 1 730
1648 1 811
9790 5 331
8628 4 798
6245 3 319
3223 2 942
7226 1 684
8896 4 435
7522 5 735
9573 2 638
2773 3 735
1812 1 808
4942 1 419
8129 5 27
5997 3 839
1864 3 541
2990 5 43
9255 5 914
6932 4 868
6493 3 749
2512 3 279
5499 3 68
6215 5 206
8427 2 713
207 3 203
8728 3 638
2489 4 296
1769 1 901
2857 1 955
3081 1 869
211 2 419
6404 1 602
7901 1 551
9038 2 830
1275 5 712
864 5 48
8788 4 782
8994 2 397
953 1 281
79 2 289
2214 3 863
6563 4 682
8259 2 615
4398 4 591
8289 3 185
722 5 359
6891 4 655
9624 5 397
8955 4 430
8369 4 937
8548 1 505
9376 3 986
8034 2 32
9709 5 892
1019 1 817
7906 4 488
6888 2 736
3654 5 165
1325 3 931
1954 1 561
3801 1 763
346 5 139
1786 5 752
7136 2 832
7947 1 525
1939 1 181
4109 1 890
3600 3 839
6045 4 982
9588 5 180
9281 5 13
108 2 62
5023 5 667
5890 1 78
2869 3 345
9683 4 346
959 2 135
6132 4 129
1371 4 483
468 1 26
3475 2 628
1245 4 281
5188 2 186
7128 5 801
2084 3 3
9552 4 253
6079 5 461
5553 2 991
9868 1 572
1956 5 455
9938 5 50
2018 2 319
5205 5 648
6209 4 616
9779 3 643
8479 3 537
6848 2 675
2693 1 510
5921 4 496
1855 2 849
1239 2 331
9314 1 269
8498 5 399
6403 2 717
2964 4 476
9162 4 332
5463 3 290
9459 1 619
7610 4 535
6710 5 499
6218 1 986
9368 3 989
2523 1 224
7858 2 951
8056 3 679
5837 4 188
3674 1 857
9151 4 464
2997 2 482
8623 1 710
679 1 559
9061 1 441
5746 1 12
3715 1 491
8286 1 792
1668 5 883
407 5 145
5637 5 172
6704 2 435
4207 5 777
8805 5 140
3066 3 803
7946 5 884
7760 3 393
8426 2 466
4817 5 478
9259 1 569
4558 5 611
5199 4 207
786 2 431
628 2 855
7226 5 56
4513 2 731
8768 4 245
515 2 695
5587 3 502
1779 1 493
7911 2 299
5271 3 356
693 3 189
8693 5 985
762 5 94
4538 3 785
7197 5 253
9248 1 536
8967 1 76
2942 1 325
3101 4 823
3260 4 474
8510 5 537
7924 3 969
2045 2 968
1201 2 431
6795 5 577
1223 1 82
5099 1 606
7219 3 754
3287 1 672
2178 3 128
6832 2 631
7407 5 763
2658 4 36
5574 3 7
448 1 550
8094 3 679
7068 3 345
2230 2 798
1083 2 797
6953 5 719
1861 5 900
6941 2 718
444 5 179
2016 2 145
458 5 347
2524 5 840
3721 3 50
7470 5 647
7878 3 740
3319 4 165
8350 5 908
8073 1 78
3509 2 945
1107 3 220
7379 4 392
2387 2 389
6538 5 494
6522 3 559
459 4 164
2109 5 569
6100 3 307
7969 4 355
453 2 316
1966 2 296
3569 5 943
8783 2 292
1754 2 640
4761 3 404
8685 5 199
9029 2 560
2554 3 276
1587 1 818
9739 5 171
5868 1 343
8548 2 139
6463 3 249
9052 1 461
934 1 57
6076 4 964
5595 3 28
3487 1 830
7176 3 139
2371 1 20
7603 1 380
1495 5 259
4592 4 96
5482 5 401
8625 2 830
9445 3 403
9226 2 6
7716 2 397
3882 4 445
499 2 830
7715 3 232
1159 4 64
6904 2 795
1375 4 454
8591 5 7
4906 4 936
9496 5 458
7524 4 815
3418 3 349
2419 1 727
3678 5 544
7797 3 931
105 1 305
1119 3 855
7736 3 339
8361 2 876
9566 5 615
3926 4 465
4018 1 630
7652 2 882
2943 4 179
4534 5 520
4932 1 225
339 5 846
428 2 74
9804 5 147
3625 2 38
8845 3 590
3228 4 460
5020 4 731
8864 2 9
3670 4 274
3031 1 558
3645 5 340
510 2 82
3619 4 793
2872 2 212
3434 4 49
3606 3 363
8418 3 568
9656 4 303
5843 5 977
231 1 824
4968 1 630
6454 1 975
2826 4 488
7040 3 656
1430 4 146
2659 1 622
9634 2 1000
2332 1 431
1673 3 774
4236 4 899
3216 5 580
9537 3 487
1480 3 502
4327 4 345
6411 1 113
1052 1 472
4870 1 516
5838 5 72
9274 3 495
1627 5 991
2443 4 887
2866 3 462
8365 4 483
7448 4 63
7994 5 879
6117 4 285
8145 4 161
9853 3 842
2406 5 877
5253 5 37
1273 2 103
8542 4 272
5381 2 714
4741 5 824
4127 1 265
7718 2 526
7945 5 214
130 1 361
1733 5 762
8683 2 81
3928 2 221
8960 2 21
1507 4 353
6999 1 983
5985 1 697
7097 5 944
7604 1 18
5534 4 263
379 5 519
7211 1 792
9048 4 658
6941 4 301
1407 4 845
2447 4 486
9777 1 608
4352 3 896
4527 5 495
960 2 483
3551 5 734
6510 2 4
8398 3 942
686 2 956
5963 5 349
1973 1 117
2198 2 192
8112 5 278
36 1 695
1250 2 807
2338 1 449
9012 5 635
1334 1 872
2994 3 381
1542 3 690
3879 5 798
5124 2 193
4900 5 574
4842 3 748
4625 3 590
4119 1 467
5713 4 250
5119 5 136
1880 3 888
2622 3 16
3057 4 301
6604 5 818
4501 4 874
2440 1 866
8402 2 365
9820 5 814
1435 2 14
933 3 482
2115 3 951
3299 5 648
2664 5 686
2829 2 228
5654 1 422
3407 2 650
7254 3 231
7576 3 116
6131 3 757
8866 5 106
8844 2 924
2653 1 423
1339 1 982
718 5 922
6757 3 82
4453 1 423
1530 5 214
7436 5 745
8960 2 362
9262 4 959
2976 1 118
3510 2 247
2883 4 338
983 5 156
914 2 849
4311 4 790
5233 2 536
9606 1 470
1118 5 879
5174 1 430
9250 1 236
7977 3 95
2588 4 235
3918 5 269
8426 3 112
9503 2 646
6979 3 445
7050 1 867
6623 3 191
4665 5 322
2091 2 209
8812 2 495
312 2 229
1524 4 354
7169 5 517
6283 2 420
7121 3 172
4928 5 783
1928 2 399
2434 4 524
9305 2 295
1068 3 791
5430 3 466
5332 3 209
883 2 514
9697 3 787
6035 3 63
9220 5 519
200 4 612
9584 3 117
4409 2 900
3048 5 288
6456 2 680
5940 2 525
5347 2 922
751 5 84
1042 3 328
9898 4 819
4100 5 567
1723 3 220
6285 3 177
2046 2 946
909 5 517
7835 3 918
70 5 913
5120 5 46
8616 5 122
4283 3 551
3075 2 228
2336 3 721
7077 2 223
6133 1 945
6687 4 179
9095 1 273
3779 1 545
727 4 285
7799 5 924
9928 2 316
3976 1 290
4876 1 246
9094 3 230
5669 5 328
1635 1 893
4524 3 940
7938 3 589
6377 2 81
1242 5 483
6561 5 697
7712 5 241
8411 1 968
2458 1 840
3993 5 439
8558 2 85
2096 5 641
9114 4 115
5097 3 15
8119 2 928
4260 2 603
8154 4 69
4692 2 115
5546 4 414
2363 3 389
9369 4 362
2853 5 830
5676 1 219
2797 1 786
9951 3 640
5797 3 714
1637 2 470
7416 3 471
3505 4 643
3853 3 192
9213 3 537
5587 1 498
4094 5 366
386 1 160
8768 1 815
9369 3 72
3227 2 623
7918 5 30
8774 2 895
3060 2 823
3382 1 38
9134 1 690
780 3 530
2943 4 845
9718 2 433
7383 1 258
9237 5 422
1215 3 496
4415 4 534
5862 5 245
6564 5 465
8697 4 485
726 4 79
7343 5 783
6079 2 589
7283 4 783
5856 3 230
2940 2 1
7019 5 821
4667 4 603
2803 5 666
9679 3 797
1484 5 330
1968 5 465
2051 3 419
7313 1 998
5150 2 331
6177 2 360
9381 1 7
440 4 574
2815 1 528
5324 1 280
5469 5 311
6522 2 275
9937 1 631
4907 5 874
7333 2 322
3926 4 312
9203 4 601
5013 4 270
5769 4 75
3687 2 870
1228 1 46
8901 1 280
8575 2 448
36 2 548
8195 3 502
123 2 522
7111 3 818
619 4 158
3834 3 682
2003 3 209
6755 3 670
6562 4 658
5431 2 955
7231 4 933
4347 2 957
4350 4 930
9423 5 163
4171 5 751
7775 4 20
5537 3 161
1384 3 896
2172 4 755
9185 3 986
8026 2 358
579 2 150
5139 4 813
7611 4 875
2895 5 104
4472 5 758
2422 1 391
8458 2 690
9941 5 11
2634 5 645
6458 3 790
384 1 392
1406 2 214
9280 4 463
2661 1 687
332 1 485
1389 2 425
6220 2 767
146 3 69
647 5 86
968 5 283
6847 3 954
226 5 207
7927 5 335
2762 3 504
7655 2 499
6796 5 981
2943 2 749
2508 4 125
1804 5 233
1053 5 344
4829 2 902
2633 1 453
1152 3 61
683 4 591
2608 1 348
402 2 751
4099 4 947
2383 1 489
4051 4 909
3601 3 141
714 4 748
7148 1 862
3221 4 971
4649 1 443
3025 5 452
9928 4 472
9614 3 529
8897 4 853
8426 3 254
5327 4 866
7137 1 651
3267 2 486
4630 1 815
1296 1 614
6690 3 815
998 3 198
4394 1 708
5798 5 724
8242 2 732
8975 5 563
1141 4 88
8314 3 196
7145 5 431
3167 1 322
9831 3 193
2198 3 378
9768 4 60
5965 1 19
7169 5 679
818 3 815
1661 1 658
3401 3 845
372 4 212
9450 2 549
894 1 926
9283 5 629
4504 2 219
819 2 365
3243 5 871
9104 3 638
6654 1 191
3976 2 856
9701 3 999
2876 1 291
4984 2 712
481 3 270
6303 3 442
8138 2 742
673 2 599
332 2 709
93 5 650
9001 3 497
8933 2 795
2912 3 891
2643 4 22
3853 5 712
8731 4 945
3688 1 592
7198 4 925
6813 2 13
9050 2 391
3845 2 79
3573 1 211
3777 2 140
4192 5 676
9557 1 337
7818 1 141
1173 4 118
5036 2 605
2575 3 440
1298 2 497
2469 1 241
3523 2 226
8376 5 517
8851 1 122
6185 2 305
8529 5 85
6696 2 465
8722 5 945
8878 5 592
9056 4 64
3541 1 923
1681 5 279
1041 4 990
1243 1 977
4789 1 109
118 2 59
5476 5 274
8390 5 152
7763 1 44
3916 3 95
8130 5 694
3765 4 692
2799 5 434
6658 5 848
8586 4 422
4894 4 457
2772 5 713
339 1 884
2493 2 440
7682 2 201
7949 4 818
1642 4 577
8426 2 670
423 4 516
5480 4 118
4500 4 286
1987 5 461
4214 1 951
4312 4 636
3515 1 154
8389 5 571
8965 2 110
9016 1 403
4317 3 365
7875 4 639
6819 5 207
3795 3 141
6974 5 937
7932 2 950
8181 2 875
5779 5 65
5643 5 669
683 3 711
2863 3 178
8443 2 851
9571 5 757
8274 3 3
1127 2 816
836 2 721
8199 1 234
5566 4 294
9197 1 735
6057 5 313
4230 5 684
2369 1 154
470 5 354
8352 4 893
4740 1 46
1580 4 278
7623 2 432
9754 4 156
8681 2 30
1958 3 144
592 1 751
2797 1 683
2326 4 235
9103 3 507
9480 3 438
7572 3 776
8764 1 708
7864 5 364
8300 4 330
6528 5 649
5504 5 15
6959 4 663
5758 4 323
838 3 686
5434 5 624
3934 4 717
7344 3 726
4309 5 920
4809 4 978
2624 5 925
2904 3 125
3666 3 374
4808 1 759
9152 4 614
3654 3 218
7994 2 890
4767 5 872
1396 1 460
7195 4 31
137 2 549
404 5 49
665 5 921
1729 5 896
6540 5 44
5071 2 732
4210 4 880
6298 4 312
7850 5 739
2220 1 980
9616 1 124
8633 5 971
6047 3 77
4058 3 119
4963 4 177
2449 5 671
3501 3 550
8825 5 75
7694 2 284
1752 2 64
6605 3 306
6253 5 35
4481 1 353
6889 2 609
87 2 781
5235 1 788
3696 4 918
1112 3 686
2026 2 123
4990 5 307
9650 2 75
194 3 871
3721 1 893
2910 4 694
4952 2 996
2286 1 81
4426 3 378
374 1 671
9730 4 405
6623 3 940
9629 5 933
6224 5 296
54 5 94
4758 3 474
239 1 454
158 5 991
5391 1 98
5921 1 190
3571 4 520
3972 3 210
2275 5 705
7277 2 347
6509 2 252
9390 4 166
3007 1 515
2205 2 460
102 5 760
3813 5 432
5967 1 451
1418 2 985
747 4 961
4565 3 284
9085 3 512
346 2 252
6078 3 226
4985 2 576
3122 4 750
2035 3 289
1784 3 434
1473 3 248
3291 5 768
3219 2 138
1500 4 488
9806 4 800
3322 2 266
5703 3 389
2016 1 218
5585 4 891
5135 1 926
3205 4 79
4602 2 608
1668 1 94
1629 2 944
5613 1 420
7127 3 620
7633 3 410
4646 5 15
1608 4 707
2183 3 42
7398 2 86
1225 1 341
1414 5 617
3032 2 968
8123 4 753
4795 2 703
8409 3 402
7660 2 792
3050 2 470
1345 3 979
3620 2 872
5047 1 762
8384 5 891
8185 4 469
5519 1 912
8799 3 265
7564 3 713
9318 5 144
2432 3 1
4414 1 640
8975 3 882
1324 2 848
4381 5 10
2741 2 393
2093 1 41
7908 3 181
3882 4 328
9677 3 341
7241 3 564
1757 1 489
4410 1 180
8533 3 891
9996 1 341
1610 4 418
7246 2 31
2447 5 912
2365 2 66
3386 5 475
366 5 329
4045 5 400
9975 3 332
5092 2 704
6915 5 362
3044 5 779
8643 5 791
7203 1 216
4915 1 450
967 1 266
6375 1 157
7091 5 277
2901 2 828
6454 2 962
1882 1 108
3033 5 538
6132 3 853
483 5 236
9290 3 505
9386 3 846
2042 4 655
4947 2 418
7164 4 811
2167 4 86
2799 2 732
7449 1 635
3997 5 281
1063 4 674
6745 1 677
7028 3 206
1044 5 817
8211 2 11
2906 1 235
3566 5 16
9603 4 999
5962 1 202
1673 2 491
2647 3 746
6620 5 238
687 3 280
8432 5 189
4873 5 422
4567 1 310
9104 3 132
3826 5 334
8887 5 905
8278 5 379
3126 5 112
2601 3 144
717 2 982
764 3 666
8735 5 524
8974 2 986
415 3 725
2248 5 914
1834 3 627
4032 5 861
1590 5 420
7210 4 968
2096 5 796
5340 4 84
7674 1 339
2938 2 338
6613 3 843
1926 1 278
9093 3 48
9358 5 547
6581 4 909
5184 3 14
1865 4 221
9410 2 974
2727 1 756
8624 5 677
2659 5 90
8464 2 945
1990 1 703
3015 1 582
4020 5 503
4562 5 792
2123 4 185
3742 2 255
4043 3 828
5606 2 272
8949 2 889
6239 4 979
3102 3 222
4337 3 475
2267 2 83
5860 1 531
3172 1 192
5389 4 313
4783 5 621
9378 3 38
3016 5 292
2583 4 40
1639 2 360
1415 2 96
5388 3 546
8831 1 109
771 2 705
5425 5 299
4007 1 120
7378 4 320
2865 3 233
9071 3 849
4665 4 785
3918 2 437
7 3 141
7838 4 426
5722 1 47
2719 4 228
48 3 441
458 2 188
1706 4 590
8887 3 300
6391 3 345
9555 2 954
9099 2 338
1211 5 500
5039 2 338
6599 3 885
1478 2 272
5782 4 342
1087 5 406
3020 5 856
4794 1 674
3038 1 988
8811 4 693
337 4 215
6899 4 800
7328 5 742
6954 4 151
663 3 12
8443 4 242
9388 1 607
2664 4 962
4362 2 330
2703 3 12
5337 2 666
9752 1 730
4279 3 457
9957 4 64
8081 5 84
3916 5 353
1525 2 501
661 4 956
6026 2 640
5339 2 10
65 4 941
2375 4 734
9740 3 69
9910 1 184
2595 3 239
8661 5 56
6889 5 798
2527 3 433
4241 3 529
9504 1 45
9612 1 937
5548 5 96
5174 5 390
8071 4 842
503 5 797
9662 2 117
2101 1 921
5903 5 517
1713 5 385
4234 4 271
4399 3 398
9555 4 44
7642 4 509
2176 4 748
4932 4 926
8614 1 4
6304 4 639
8964 5 816
9671 1 854
4330 1 236
1181 4 142
2426 5 905
413 4 252
2061 5 986
4551 1 386
4114 2 898
9370 5 480
9547 1 16
1886 1 533
8416 4 125
7562 1 611
3669 1 440
4092 3 928
1378 2 429
8140 4 547
2084 2 726
3710 5 420
9498 5 89
3121 2 550
5165 3 316
3806 1 471
5859 3 801
3555 3 178
397 2 710
8663 2 999
5983 4 629
9253 2 416
8199 1 76
3786 5 508
1254 3 342
2609 2 978
7311 3 239
497 3 213
4359 2 199
9761 1 419
5999 5 966
4181 1 316
5015 5 872
5585 1 884
9234 5 377
5769 2 91
5331 2 831
893 3 674
5071 4 38
5954 1 991
1064 1 869
4902 3 132
1881 3 918
5308 4 123
5564 2 60
5311 3 260
9695 2 840
6189 4 155
8566 2 772
452 3 440
2163 3 40
3827 3 496
8585 4 609
4362 5 841
359 1 439
8868 2 724
3507 4 449
4189 2 847
4128 3 783
7788 4 152
4723 1 323
5018 2 311
8018 1 565
4298 1 873
4706 5 759
8676 3 13
1989 3 43
4610 4 335
2778 3 137
5113 3 579
3558 3 395
5494 2 880
7285 2 27
13 3 90
7764 5 295
1187 5 817
1824 3 877
1065 5 1000
8749 1 938
5862 1 624
6753 3 780
8006 2 823
1583 3 88
8086 3 382
7755 2 908
4063 4 337
8510 2 38
8829 2 513
3724 3 121
8331 2 916
1318 2 729
2688 4 359
2393 5 972
4771 1 355
4549 2 37
1158 4 1000
632 2 46
5137 4 598
3322 4 788
5868 3 361
574 4 78
714 2 189
4044 2 420
4595 2 855
5842 3 745
8557 5 817
2554 4 836
4701 2 482
8008 5 314
2233 3 179
5484 3 551
3985 1 562
6504 5 877
1843 5 147
4038 4 494
7467 3 386
7892 4 830
1575 3 789
9210 2 922
4876 3 151
4286 2 919
8748 3 237
6766 3 460
4309 4 846
6998 3 907
4702 4 447
9661 3 446
8566 1 466
4164 4 521
3501 4 789
8024 1 410
5696 5 593
4858 1 639
5592 3 957
260 3 171
8694 3 520
7443 1 669
3037 3 531
7535 4 647
6169 1 667
8738 2 371
1495 5 235
8723 3 1
9271 4 930
7609 4 667
3736 5 859
8990 5 255
6006 3 836
7963 5 842
4269 5 55
3948 4 34
224 1 47
8072 4 538
2873 4 746
9475 5 694
5557 4 892
9890 1 81
8683 1 869
8572 2 704
17 4 842
3494 5 709
2507 5 247
1722 3 515
2320 3 833
9146 4 644
1339 5 921
6623 3 112
2086 4 720
5845 2 74
6099 1 496
8228 5 118
7543 1 636
5490 2 550
8107 4 910
9659 2 327
2489 3 992
9105 2 766
2992 3 170
8023 5 377
6477 3 568
3334 1 735
316 1 505
3005 5 859
6591 2 450
2192 2 448
6369 4 73
1870 3 525
4225 3 87
1737 1 469
5709 4 941
9025 2 125
2088 1 5
8137 4 254
8934 2 111
6489 1 495
24 1 710
2315 1 20
4765 2 554
4628 1 609
8471 2 607
9447 1 332
7450 5 870
7031 5 726
6419 4 284
7509 2 899
2931 3 483
2421 1 256
6375 5 542
2531 2 249
9804 3 776
4296 1 994
7008 4 739
2622 1 764
5603 5 236
5942 2 160
1725 3 976
546 1 223
7909 5 717
9310 2 941
3396 5 761
6202 3 712
1361 4 868
3746 3 21
2823 5 742
5067 5 322
7770 1 534
1226 1 835
4652 3 143
1419 2 210
649 3 496
13 5 720
6074 5 699
3098 4 495
4701 3 545
3592 3 873
2994 1 335
4444 5 189
8110 4 667
2738 5 550
6686 4 16
493 5 506
4961 2 508
2684 5 18
7111 1 775
8077 4 313
5162 3 551
8617 5 294
2107 5 920
9413 3 293
1052 5 181
2068 4 411
8677 4 857
5074 2 91
6759 2 500
3786 5 624
9666 5 277
8952 3 381
3888 3 108
2160 2 666
7657 4 32
8819 3 505
9660 5 259
8558 4 79
2000 1 351
1789 2 23
2835 1 11
1775 5 539
7839 3 27
5169 3 108
5161 4 538
419 4 424
5476 2 62
5166 2 998
6255 5 70
9509 4 334
4695 4 405
1301 3 758
2198 4 343
5367 1 770
8992 3 466
1527 4 121
9882 1 182
1214 3 242
2297 4 89
6237 3 840
4596 3 251
9055 3 875
3115 5 30
6156 4 801
5945 2 318
6194 5 200
2790 2 780
9785 1 961
1175 3 434
8663 3 63
9196 4 965
6674 2 755
1638 5 20
4544 3 862
9446 2 448
9598 5 15
1574 4 983
774 4 571
4304 2 469
1233 5 874
2476 2 757
3699 2 972
5810 4 207
1079 3 355
2071 4 866
77 4 184
3942 2 540
4700 4 776
711 3 7
7816 4 289
3375 2 328
2559 1 618
5656 4 132
5975 5 856
2981 4 117
9518 1 588
8438 1 706
2127 4 997
4686 3 546
1944 2 507
5012 2 582
5988 2 712
3150 2 374
7207 3 235
9496 4 842
6660 3 140
5032 1 52
7133 2 293
5379 2 846
7189 1 241
1682 5 980
2185 5 990
3120 3 238
3444 5 143
2182 3 528
7118 1 48
8138 1 963
1912 5 720
4006 3 145
3967 3 504
2354 1 859
1847 4 872
8720 5 170
4761 5 407
7596 4 152
4162 4 417
5004 3 55
9980 3 754
4597 2 786
7524 3 312
3182 3 232
4862 3 139
4397 4 19
4885 5 473
3347 2 506
2861 3 17
3523 5 414
1782 4 669
1049 3 131
3718 1 773
1970 1 311
6065 5 686
4978 4 483
7781 2 954
1953 5 708
6351 5 79
4644 4 953
9135 1 653
1923 4 169
5636 1 966
1704 4 4
2263 5 111
1025 3 937
2887 1 86
2846 2 89
8124 4 955
6578 3 138
7126 5 438
1920 4 894
2454 4 184
1087 2 345
9134 4 785
3309 5 56
6642 3 753
7656 4 709
1947 2 245
1934 1 631
8159 1 318
1303 5 307
2510 5 217
7903 4 31
2321 1 801
3615 1 572
8837 4 929
4042 4 293
9806 1 370
2568 4 693
7768 1 899
2494 1 590
3670 1 855
8209 3 428
300 1 331
5725 2 470
2673 4 960
4401 1 348
8977 3 861
1832 2 487
5936 1 286
4452 2 128
8943 1 99
3442 1 738
1452 1 527
2189 4 223
1918 4 263
4705 4 735
8278 3 761
5314 1 666
2138 2 933
8290 2 622
4811 5 577
3184 3 790
6456 4 26
3971 4 654
1240 1 717
2864 2 388
7210 5 81
7464 2 958
6011 2 170
4120 5 617
4308 1 583
6918 1 579
3404 1 589
4706 2 924
2987 5 935
3169 2 827
6100 2 727
8673 4 95
341 4 448
4223 1 458
581 1 278
2113 2 6
1638 4 958
9155 2 422
7286 4 605
6637 2 901
9694 3 700
4673 1 31
7684 4 608
1266 4 175
1349 1 229
6167 3 539
5663 3 716
7983 3 211
15 4 107
1794 3 864
3646 1 165
5410 1 255
4197 3 38
34 5 974
4760 4 180
5433 2 638
6892 5 601
435 1 635
526 2 297
7787 5 535
536 5 795
2982 4 56
4418 2 678
4780 4 649
5458 4 62
8827 3 62
2953 4 215
378 4 335
1215 4 625
1039 4 627
6184 4 793
6922 1 158
9546 1 310
1155 2 982
2995 4 202
9515 1 622
797 1 377
9853 1 312
1871 1 27
5316 5 425
4609 3 429
4580 4 572
2334 1 806
678 3 696
2423 2 150
8242 4 258
9428 2 964
2362 2 829
5782 5 245
818 4 518
2771 1 633
5995 2 434
824 4 818
2851 2 393
6929 2 389
826 5 506
4546 1 367
5913 5 744
9558 5 694
9379 5 554
1958 1 862
294 3 211
7885 1 130
3321 5 723
3360 1 540
348 2 755
1088 1 400
9312 3 397
3256 2 464
4383 5 73
6208 5 342
2577 3 974
1027 2 654
3782 1 396
2020 4 560
5609 4 465
5955 3 865
7633 5 584
2331 4 232
8713 2 893
8005 1 767
2180 4 708
879 5 486
9623 2 800
508 1 309
5125 1 486
7332 1 431
1982 2 550
6798 4 752
7499 5 252
4910 5 940
3396 1 305
3129 1 942
968 3 376
4476 1 184
4607 4 318
8667 4 283
5343 4 90
6712 5 468
8166 1 12
9459 4 745
2428 5 407
9691 5 109
1943 2 993
6321 2 370
5615 3 520
9319 4 190
5472 5 946
3349 1 467
2510 2 115
3123 1 283
5647 5 704
6845 1 460
700 4 419
2431 4 949
3889 5 119
1561 4 932
4637 5 279
5111 4 445
5478 2 988
4138 5 837
2073 1 905
3814 1 1000
997 1 978
4285 1 129
7598 1 562
4052 5 982
820 2 812
3401 1 433
3874 2 342
6338 5 12
3102 3 89
7496 5 329
5679 2 883
1497 5 101
8867 2 640
1324 1 663
984 5 767
3514 3 127
7812 5 230
7084 1 166
7555 3 287
7147 2 164
8235 2 353
1422 4 961
8831 5 681
8022 3 681
237 3 732
4951 3 52
9954 2 47
