95
814 222 231
676 808 151
689 743 299
341 156 148
646 890 84
557 821 555
42 759 545
107 240 6
312 593 386
479 493 527
54 949 706
494 908 260
801 315 42
170 575 370
787 392 470
136 659 175
848 232 947
363 490 115
67 24 814
292 463 990
638 270 812
29 57 875
353 414 41
649 486 586
24 627 899
998 48 80
260 676 587
205 97 858
160 355 170
150 44 563
619 118 809
689 235 551
320 88 542
436 376 517
222 292 463
296 18 984
723 888 851
118 917 225
374 394 694
615 974 363
890 72 775
556 133 359
238 339 482
579 184 732
179 998 882
689 66 475
806 639 287
874 565 364
753 453 486
173 836 259
562 585 803
161 466 271
70 731 283
306 983 707
896 754 443
544 76 379
241 734 564
74 446 108
66 234 778
567 178 156
404 761 206
510 846 647
531 893 893
67 71 271
334 232 481
760 717 385
570 866 264
706 64 325
652 25 548
725 171 419
711 828 200
445 732 817
84 282 910
262 939 733
477 261 681
758 526 302
206 635 741
804 694 6
345 806 580
1 188 569
619 512 230
983 693 559
806 347 439
68 243 434
715 407 601
356 638 642
922 312 271
301 351 398
73 79 296
96 706 900
118 268 444
991 694 577
288 78 278
856 145 172
110 919 17
118 507 803
273 891 457
216 601 535
673 733 218
131 660 880
849 465 547
304 466 719
286 415 844
866 286 281
209 497 501
898 457 861
815 29 925
354 764 745
546 623 976
392 861 441
925 64 364
121 749 71
624 735 844
910 206 660
206 101 524
660 321 448
866 41 408
883 806 441
37 560 677
482 143 570
808 16 665
45 480 203
230 676 348
771 269 838
609 604 174
174 568 861
328 464 296
709 152 440
908 691 338
690 746 459
81 799 528
16 446 7
879 383 293
896 811 315
318 569 317
828 676 283
544 91 887
5 514 292
617 219 414
456 621 458
4 177 485
198 950 115
722 328 566
721 832 570
610 843 577
148 339 527
74 928 637
547 465 847
434 696 85
282 113 298
457 815 822
647 28 471
325 830 785
442 554 824
19 207 203
75 263 266
784 582 19
889 173 233
469 729 715
582 166 533
182 889 595
318 752 969
356 915 252
307 642 988
601 528 737
255 44 791
326 490 451
37 7 858
235 198 489
800 690 121
952 42 165
896 416 859
561 711 325
479 963 368
549 220 812
577 173 339
550 855 570
359 178 189
575 655 589
631 297 698
372 281 823
50 290 741
484 395 636
146 21 389
898 625 368
520 723 405
828 479 322
908 379 494
618 149 457
380 707 312
