32
151 791 113
307 69 1
860 501 62
258 329 671
295 14 145
987 451 893
575 146 143
676 929 68
297 543 563
976 640 423
379 64 781
629 3 274
370 560 415
143 424 571
683 219 578
694 162 724
583 238 989
430 340 684
78 233 299
803 165 208
607 370 648
589 369 592
983 792 589
556 213 944
393 313 954
889 787 997
409 698 51
273 305 726
32 952 753
705 1 697
109 322 281
335 898 592
353 621 771
873 578 363
942 565 543
523 911 296
958 913 136
604 48 659
307 957 197
485 207 406
558 176 414
324 636 247
443 672 455
867 318 543
530 524 809
715 128 287
817 133 344
237 955 263
572 926 854
23 525 799
874 970 179
234 854 634
930 825 774
636 538 64
734 727 787
77 261 188
211 191 579
156 827 474
989 218 200
1000 869 311
529 729 607
655 586 480
624 444 638
146 247 499
