551
5011 4 415
8529 2 782
5161 5 749
4865 5 192
1201 4 833
477 5 542
9662 4 386
907 3 330
2102 3 823
6223 2 43
1606 1 485
3654 5 105
5844 1 622
8727 2 947
6093 1 522
2453 3 413
409 1 103
1084 4 945
8639 4 155
3288 3 839
4093 3 397
8090 3 368
5459 4 878
5725 4 649
9752 1 946
6059 2 158
5027 5 55
5233 4 480
7727 3 212
6935 5 471
9159 5 830
1152 2 101
1763 3 11
2830 4 880
4032 1 390
9721 4 450
4174 3 119
8212 5 264
8045 2 952
5383 3 394
5323 3 725
5965 3 435
5418 4 885
3520 5 818
9676 3 239
384 4 862
9981 2 40
4856 1 522
8211 2 849
5647 1 989
3332 1 530
5547 3 110
9252 3 785
1061 2 319
3370 5 419
8383 2 927
4292 5 294
6921 1 121
1198 2 532
665 4 402
4705 2 900
9338 5 140
4042 5 84
9700 3 104
27 3 90
535 1 918
1465 5 772
8786 1 404
3917 4 678
6979 3 163
5428 2 555
2053 2 71
9148 3 355
4349 3 369
7901 2 916
3299 2 316
6315 1 51
370 5 641
4431 1 359
4581 5 423
8091 3 708
4610 1 734
5415 2 766
7163 5 335
459 3 139
8453 1 668
7083 5 442
405 3 215
5508 3 225
2652 3 943
9617 3 307
9453 3 567
6566 1 711
9055 1 405
7483 4 952
7608 1 746
8374 4 27
7522 3 19
6755 3 920
7482 3 867
2837 4 940
9247 2 512
1038 5 503
8695 2 721
335 2 785
3626 2 912
2206 3 833
3334 2 191
2117 3 591
7560 3 663
1276 1 14
6931 5 85
579 1 252
6516 5 353
676 2 457
7762 4 553
8054 4 543
5752 5 758
7904 1 294
1055 1 308
9047 2 340
9308 3 737
8984 2 810
7619 4 615
7183 4 461
6665 5 531
3717 4 653
552 5 750
5295 3 881
2762 2 229
8008 5 272
4935 1 896
3120 3 812
1262 2 80
9442 2 348
759 5 292
1098 5 291
536 5 447
850 4 595
2256 4 638
7269 1 500
1845 2 593
4928 5 844
587 1 676
4652 2 483
8574 3 137
4998 5 52
438 5 729
8448 4 246
7307 3 488
7681 1 433
1344 1 678
5462 1 213
4324 2 964
9399 5 618
8272 5 942
7063 1 52
3687 1 787
6507 4 340
98 4 317
9481 5 96
6318 1 966
176 3 512
9607 2 39
1727 2 743
2789 1 965
7173 2 235
2343 1 4
7732 4 877
833 3 483
3752 5 568
9406 1 544
3627 3 236
7014 5 372
7993 2 91
4248 5 873
6628 1 204
2964 1 330
701 1 543
5439 5 559
2910 5 718
3289 3 441
7548 4 674
9174 2 742
3649 4 803
2773 2 348
3916 4 557
8285 4 875
1350 4 456
2352 3 16
1342 4 709
8643 4 287
6881 4 61
7623 3 452
4813 3 793
2272 3 290
4622 3 175
3034 5 562
246 3 397
5565 4 6
3204 3 274
8569 2 983
227 3 826
3729 2 884
9802 4 619
5424 3 143
4287 5 898
5242 5 290
5860 4 591
3957 3 153
7246 1 700
135 4 674
8405 4 346
1241 3 265
3793 2 192
9073 4 35
3513 5 418
623 1 830
3222 1 585
5 1 747
3573 3 371
7439 2 218
3898 1 83
2658 5 948
1929 3 1
9202 4 902
6923 1 341
2367 4 809
3183 1 969
4662 5 254
3514 2 465
1275 2 781
6696 5 405
1631 3 804
5201 4 965
2911 5 827
8644 5 718
1948 2 312
7076 1 696
852 1 720
5084 3 841
3874 3 202
9531 3 574
7928 2 337
5479 3 463
5897 3 662
509 4 721
8933 5 341
586 3 530
5133 3 976
2503 5 195
4906 3 810
1253 5 498
8098 2 409
2206 2 61
513 3 125
5346 1 692
8003 4 816
6861 5 234
9189 2 482
3549 1 858
1337 4 77
152 2 908
2181 2 758
9141 2 598
5354 1 374
9100 4 968
6703 2 211
9975 4 424
426 3 88
968 3 90
9688 1 32
2695 2 581
6293 5 593
863 1 693
7253 1 807
4388 3 80
8816 3 808
4960 2 256
6703 4 641
5166 3 338
1932 4 89
8564 2 421
6438 1 666
6394 4 516
6873 5 165
3611 4 172
376 2 610
3917 1 661
2236 4 624
9465 1 368
7570 4 711
4877 5 550
2130 4 386
9413 2 839
4263 1 302
3446 4 186
455 3 476
6586 2 467
2308 5 379
1731 2 679
4450 3 904
4023 5 541
9716 3 869
3478 3 230
3325 1 61
4066 5 255
5225 3 982
1550 3 288
5776 5 523
1350 1 41
5784 3 600
2365 2 737
3161 1 702
1080 5 886
4125 2 132
2100 3 777
6867 3 80
1856 4 584
4391 2 25
1028 5 714
132 4 689
6269 2 208
8193 5 264
5942 1 132
1914 1 281
843 1 464
2412 2 875
1396 4 838
4875 4 551
7809 1 84
9103 4 23
5319 3 210
3503 3 963
3611 5 966
3302 2 979
7820 3 768
6104 3 478
1265 5 698
608 1 611
7411 3 573
4587 4 873
3338 3 906
9912 4 665
5420 5 97
8785 5 82
9273 4 452
7162 3 93
1786 5 683
702 3 800
56 4 52
400 2 841
7693 3 565
5761 2 620
4744 2 853
5757 2 612
8583 5 79
9795 1 747
3252 2 823
6244 5 244
3451 4 585
8162 5 97
9188 3 663
3169 3 414
8587 5 81
4596 5 616
4769 2 397
1225 3 182
2960 5 912
1919 3 953
1003 3 795
4009 1 972
5135 3 800
8951 3 347
9545 2 109
3080 5 113
9556 5 382
4028 3 470
5601 3 480
5350 5 623
4630 5 382
7656 1 343
7188 2 158
4507 2 726
9025 5 848
1450 3 756
8521 3 445
815 1 275
5900 4 185
8167 3 626
4691 2 65
3156 1 200
5280 2 631
329 5 660
3385 4 263
4860 3 266
18 5 654
8572 1 571
1305 5 253
1970 2 669
2907 2 928
2531 1 21
4959 4 101
8532 5 140
7787 5 923
8306 1 235
1339 3 128
6569 5 311
9826 5 437
9422 3 136
787 3 932
649 4 138
2201 1 479
5581 3 895
3946 5 789
7057 4 781
2084 1 787
3781 5 58
596 2 338
5690 1 892
3902 3 652
1078 1 599
7747 2 98
8185 5 737
2190 1 569
716 1 58
7954 5 814
1587 1 331
1634 4 942
9779 2 305
4175 2 392
4431 5 255
2782 2 775
9230 2 164
2403 5 200
2578 1 266
1315 1 698
992 1 145
2146 3 984
2203 3 33
9035 5 941
9270 4 562
7809 4 460
1766 5 392
4920 1 30
7085 3 711
9237 5 860
5942 2 387
9619 3 724
649 1 114
6344 1 915
7817 4 129
3272 5 184
5916 2 103
5679 3 6
408 1 62
2991 5 212
7032 4 717
8918 1 839
7385 3 856
5184 1 455
2273 3 738
8079 3 5
4890 5 289
6794 5 144
1723 2 480
1700 5 958
8896 4 390
7846 4 503
8405 1 147
9268 1 993
7243 1 652
3087 1 405
7062 5 451
4241 4 335
9075 2 947
1913 2 703
5661 2 477
558 3 911
2892 5 947
2000 3 634
940 2 776
6487 4 618
173 3 172
2523 1 584
6536 2 457
6417 5 255
5255 1 171
8497 4 827
2280 1 884
9751 4 923
134 3 541
6371 2 668
7353 5 561
8872 4 893
5527 3 752
4140 4 161
5662 5 150
5437 4 291
5523 4 351
4160 5 547
1325 1 129
5440 3 927
7131 5 64
5030 5 912
6738 4 427
9883 1 779
9860 2 83
8590 2 556
9055 4 947
1937 4 268
5617 1 900
7288 3 223
8918 5 117
7356 4 216
413 3 142
7112 5 210
329 3 125
6687 5 464
3115 4 504
8796 2 207
5185 2 21
3477 3 825
5373 4 437
9134 4 760
2616 3 753
50 1 709
6198 4 790
1021 2 968
3980 4 860
9780 3 320
9837 5 826
2167 2 80
9211 1 804
1818 5 823
8948 5 881
4658 1 228
3217 4 144
3313 4 607
6479 2 430
3814 3 302
2672 4 844
9538 4 747
7355 1 719
448 1 358
2015 3 379
8378 5 746
5859 2 420
9844 5 384
8825 4 735
5034 5 273
7496 2 214
6474 4 294
9580 4 130
5602 5 855
1199 3 844
9255 5 243
4874 2 272
8352 1 339
5043 3 183
9501 1 827
2407 3 187
2286 1 749
5204 3 654
4858 2 774
9340 4 733
2582 3 446
1470 3 541
7898 2 193
3064 1 665
1719 2 929
2897 3 101
9699 1 214
6199 5 499
1834 4 19
5976 3 507
2963 5 967
3601 3 998
5961 4 292
3755 2 411
9417 1 899
598 3 715
9038 3 248
7379 3 894
9200 3 630
2063 4 432
8369 2 8
5813 3 818
1446 5 505
3115 3 336
2152 1 401
2661 1 56
2663 2 414
3712 5 479
5032 4 375
7426 1 830
5488 4 613
6445 5 994
5931 3 137
7782 4 840
4605 1 822
8922 1 579
5533 1 828
2961 5 947
9395 1 955
8815 2 770
4116 4 298
7681 3 704
3548 1 412
3556 2 249
8052 3 923
5911 5 744
4701 5 337
1025 4 955
7661 5 171
4296 1 733
8789 2 612
180 2 396
6438 4 773
1845 1 19
8694 3 119
5166 1 446
8672 2 989
6116 1 16
4561 1 370
7279 3 418
9349 3 905
801 4 917
967 2 143
8753 1 622
9086 2 807
9346 2 843
8368 3 92
8492 4 527
768 5 184
8509 1 145
9594 5 769
9357 4 276
7743 4 735
7421 5 980
1685 3 728
8586 1 755
1262 2 469
755 2 119
4302 4 825
9979 1 361
5305 1 609
7773 2 104
8586 5 643
1331 4 25
8317 4 808
1162 3 962
3330 3 736
5124 5 220
4926 5 579
7104 1 605
8961 5 743
5376 1 299
79 3 137
2392 1 778
5359 1 801
482 4 340
4760 2 165
9992 3 690
8021 1 196
4143 2 859
3597 2 687
4444 4 896
5123 3 159
5300 3 979
970 2 669
7544 5 566
2464 1 629
7971 1 227
2586 1 11
7791 4 751
2158 2 973
6207 2 597
4809 1 363
1905 5 241
8210 5 951
9288 3 529
3946 5 194
665 4 147
3277 2 480
4670 5 961
9308 2 217
979 2 904
1059 5 116
8543 2 59
1651 5 365
2033 5 182
2927 1 744
8184 5 413
6785 3 861
7819 2 994
3183 5 562
8098 3 872
9101 4 216
1207 2 130
3481 5 138
7835 5 368
3984 5 8
3398 1 321
35 1 913
9547 1 565
1757 1 72
2147 1 764
6090 1 80
3825 1 744
5102 5 575
7071 3 941
1863 4 68
2045 2 51
7910 5 174
5223 3 893
2330 3 902
6757 5 952
7069 3 855
9502 4 751
4309 4 348
4812 3 343
9833 1 73
2057 2 406
9257 3 827
7069 3 346
2532 5 37
5694 5 633
3936 5 913
327 5 684
2827 4 771
3848 1 714
1629 1 486
7549 3 169
9125 4 762
3602 3 172
731 3 269
9196 4 504
2984 2 946
7034 5 259
8011 5 671
3472 4 420
6670 1 648
5366 5 702
9237 3 46
3372 5 700
8287 1 732
6251 1 802
8461 3 750
5934 4 177
8345 2 548
2655 1 828
5763 3 34
9100 4 747
5535 2 95
2378 4 992
8996 5 312
6931 5 746
2769 1 662
2369 2 360
8163 5 718
5415 4 481
7178 3 41
7172 5 702
3924 4 840
9967 4 622
5969 2 624
5576 2 622
4546 4 444
8897 2 318
3602 4 794
4508 2 379
5344 5 652
8880 2 964
5057 4 136
9946 3 778
4884 1 937
38 2 828
3790 4 446
8245 5 831
882 3 546
7273 3 932
7706 4 158
3385 5 656
4643 3 792
3028 3 346
3453 4 946
9199 2 968
1 3 764
2289 1 159
7613 3 532
1456 4 734
9336 3 251
2747 1 50
2992 3 631
6638 4 854
2999 1 52
1475 3 57
1768 3 868
8121 2 412
1861 5 596
4224 5 636
9234 4 848
5350 2 733
905 3 806
3579 5 543
5418 4 416
8747 5 122
1469 5 400
4540 1 706
4098 1 338
9670 1 218
5250 1 384
5217 3 714
6801 3 123
5420 5 340
2519 2 286
1207 4 799
831 5 317
1370 4 334
7942 1 455
9149 5 361
8264 3 811
7047 2 122
4857 4 912
7476 1 471
7927 2 380
5542 2 109
4668 2 285
1174 3 437
1356 1 567
5675 2 158
6935 1 342
5230 4 382
1763 3 174
268 5 986
8878 5 861
2735 4 401
8764 3 144
1782 1 476
58 3 425
4215 5 976
8903 1 277
2869 5 197
1883 5 811
3594 5 700
9807 5 983
2636 2 944
2436 4 341
8742 1 817
9614 1 239
2869 4 354
6139 1 483
9905 4 206
5495 4 63
5209 1 486
3600 3 900
2620 3 426
4972 4 151
3985 2 615
8556 4 401
87 2 152
5444 5 274
7845 1 272
5693 3 536
2311 1 609
8516 2 563
8017 1 472
4803 3 178
5396 3 421
1496 1 582
3361 4 660
5944 4 365
8001 4 65
7217 4 896
2000 3 128
1854 2 449
4755 5 90
1309 5 327
7622 1 655
4696 5 644
4294 4 248
8697 4 542
315 5 823
4845 4 644
3946 4 261
3993 4 23
4213 2 896
5274 2 956
7450 2 540
4343 2 858
163 5 545
1329 1 679
6289 5 488
5222 5 107
2133 3 465
7521 4 331
3420 1 131
598 3 255
8527 4 186
371 1 544
8058 1 314
580 1 77
2281 5 315
7367 2 576
3851 3 538
5811 2 910
6248 1 183
5084 1 901
6690 4 960
9183 1 719
777 2 46
9690 2 473
9788 3 271
7820 4 76
6527 5 755
4151 3 544
5072 4 907
8944 2 587
3208 5 477
1445 5 910
2742 2 391
3612 2 933
3016 4 535
8928 5 978
5545 5 159
2068 3 377
9007 5 303
8233 2 469
1265 2 664
9504 3 511
2417 5 43
354 1 42
5038 3 183
2967 2 268
8436 5 503
7763 4 474
9386 5 362
331 4 70
8642 5 361
4684 1 765
3342 2 601
947 1 792
8559 5 397
6930 1 219
6175 1 610
7715 4 397
6069 1 185
6269 2 906
8514 4 41
5397 4 479
7427 4 876
9304 2 357
8953 2 903
1036 2 476
3911 2 351
3458 5 634
1949 2 553
656 5 649
8556 4 339
3134 3 735
7082 1 338
7453 3 447
669 3 319
3860 3 215
833 2 618
1255 5 239
1441 2 827
2147 4 215
5832 2 375
7689 5 559
5810 3 390
960 5 276
6244 4 174
4197 1 831
6996 5 761
5248 3 450
317 4 155
2284 1 434
2136 3 144
93 4 180
6488 2 932
8317 2 784
4404 4 811
5894 2 96
7622 3 497
4606 1 429
5856 1 498
2145 4 172
2087 1 861
4145 2 669
9682 3 661
415 5 362
5929 1 303
8107 5 787
4352 2 701
7486 1 127
1438 4 605
2676 3 375
6388 4 676
7095 1 627
3417 1 1000
1292 3 687
4418 1 892
8255 4 869
5874 2 695
3837 5 884
7599 3 914
2810 3 566
9642 1 559
5366 4 31
5992 1 50
993 3 733
7867 5 994
2371 1 607
9794 1 378
1506 3 666
1382 2 624
9856 2 907
6019 2 961
5114 4 236
8699 1 48
3219 2 889
5617 5 444
9883 4 895
2348 5 767
7085 5 135
9377 2 193
9215 1 830
5053 2 944
5508 1 272
1265 1 977
8131 3 642
6680 3 934
5762 4 810
6878 3 979
3809 2 915
8681 1 821
8661 2 553
9806 5 929
1151 2 522
331 2 995
8711 4 597
2507 1 920
7145 2 824
1803 2 584
8965 1 106
5415 4 53
6098 3 303
2766 3 564
8113 1 803
2395 5 461
9104 4 782
958 2 231
6322 2 913
9754 2 351
2486 1 611
518 4 148
1693 4 581
4791 1 130
9769 3 144
6989 2 66
1001 4 278
189 5 54
1475 2 437
1897 3 755
5283 5 841
3403 1 383
2158 5 504
3753 3 730
1888 3 467
5768 2 214
1205 5 498
5816 3 562
7812 5 706
1787 2 177
4707 5 556
6023 2 997
9246 2 354
7073 4 986
2300 4 107
3372 3 296
5104 4 628
5137 1 371
2662 5 131
1599 4 772
9434 5 311
1032 1 596
7918 4 317
1990 4 278
9673 2 218
4670 3 553
3613 2 732
9187 4 553
4231 1 208
1169 2 354
5469 1 812
6312 3 786
2345 4 992
6650 2 444
3161 5 206
5822 5 711
