77
6876 3 227
9502 2 346
2614 4 815
3675 5 918
2696 3 890
1867 2 959
2589 4 230
6834 1 879
7579 2 351
2566 2 25
5178 5 840
2990 4 833
1244 4 426
7914 1 482
3456 3 943
2847 4 66
7288 3 979
4215 2 754
297 5 272
6445 3 799
6889 3 742
6764 1 526
4178 4 564
481 5 723
7067 4 601
4918 4 186
5536 5 272
9373 1 829
9373 2 867
4753 4 38
5058 3 688
4441 1 166
1757 4 864
4813 4 546
5581 3 588
6375 4 112
5207 2 24
5279 5 407
4365 5 940
5271 5 744
5202 2 405
3941 1 466
9971 2 654
6698 2 560
2404 2 540
7 5 495
1149 2 906
3373 3 168
2442 5 523
9479 4 801
5245 3 7
5924 5 729
9796 3 759
6971 4 184
4440 2 804
514 3 87
1916 5 819
897 5 590
2056 2 342
665 3 866
9671 4 913
7758 5 967
8951 5 350
508 3 577
5706 3 850
9955 1 378
8912 3 948
2527 1 177
4049 4 206
8990 3 580
7129 1 267
3302 1 678
1438 3 303
1608 3 331
6122 5 514
4559 2 551
5858 2 907
2901 5 557
2127 2 181
1040 3 614
804 4 314
8388 5 485
339 1 293
6503 5 991
4600 2 663
2281 1 75
4513 1 709
2080 1 835
280 2 818
9062 4 653
6169 5 159
8757 1 638
8722 5 631
7679 5 44
4992 4 224
7086 4 246
4649 2 661
7120 4 915
4350 3 248
6658 2 794
7029 4 92
2037 3 415
4337 3 615
2650 3 378
6237 1 364
4790 3 7
1406 2 695
675 1 106
1664 1 733
8006 5 208
896 1 459
2684 1 921
3404 5 41
8921 2 997
1734 4 396
8819 1 657
6328 3 457
2455 4 530
4612 1 38
8419 2 191
3826 1 907
2238 4 307
7370 1 588
1595 5 298
9050 5 279
566 2 308
2704 2 52
5257 1 236
8860 4 835
3971 4 41
8027 2 482
8534 1 988
2848 4 873
7050 4 905
2677 2 546
8291 1 166
6527 4 484
1958 1 866
6401 1 417
3327 3 978
6361 2 644
5259 3 74
250 2 237
856 1 28
6961 5 393
4258 2 780
6763 4 503
3090 3 740
8215 1 471
9986 1 838
2513 3 239
351 2 606
6316 3 502
9160 1 809
