695
5026 3 895
2481 5 158
2787 3 612
794 3 592
2839 2 1000
5754 2 931
4871 4 87
5863 3 712
9285 3 388
863 2 428
5518 2 577
4310 1 108
9846 1 310
895 5 158
5239 3 496
6294 1 453
6912 3 417
7091 4 705
278 4 56
6642 3 319
730 1 132
9428 1 612
2511 5 214
6659 4 905
917 1 794
9980 5 736
1084 3 143
2228 5 885
349 1 840
4049 4 285
4908 5 434
7083 5 248
7591 3 758
6932 3 667
2887 5 279
7773 2 582
9301 2 945
203 2 413
4651 5 11
8579 1 358
9538 1 713
9047 4 390
5573 2 833
3987 5 264
2012 5 475
9323 1 258
9849 1 305
5024 5 324
4276 5 607
2494 4 874
3319 2 291
7642 5 537
2200 2 521
5858 1 945
7353 2 843
6232 4 76
9933 5 870
6741 2 302
4185 3 254
8809 3 482
2894 5 945
2328 1 663
4102 3 121
273 3 956
1287 2 288
6245 3 346
7252 3 774
8947 2 965
3349 4 937
3543 1 567
453 3 909
9425 5 81
4708 5 538
2560 4 900
7831 2 309
5883 5 43
7282 5 135
7975 4 219
3669 4 683
3625 1 974
5432 3 978
216 1 45
7443 5 817
8399 1 272
3684 3 218
9786 3 50
4856 4 620
9703 4 247
2888 5 358
7740 4 430
9272 4 878
8208 4 184
4294 3 213
9934 1 53
2555 4 135
6147 3 990
3690 2 978
2747 5 890
2602 5 263
8227 3 864
7052 4 864
1657 3 607
2348 1 153
2707 4 578
7632 2 269
9605 5 646
3230 1 41
1422 1 341
2435 3 882
4204 1 768
4161 4 362
2111 2 379
4783 5 205
8559 5 221
3978 1 879
3119 4 995
4614 2 997
9982 4 200
9255 3 936
2645 3 34
6371 3 274
8857 4 502
8523 1 647
8750 4 757
7113 3 74
8932 3 974
4461 2 461
9161 3 744
8959 2 584
548 3 97
8020 1 618
8627 3 893
3781 4 201
9223 2 501
5219 1 736
40 2 525
7813 5 833
2222 1 308
2847 3 660
7299 2 205
9270 2 618
2813 1 349
1388 4 306
1261 4 800
9404 4 134
7610 1 33
3546 2 64
2307 5 876
1540 3 396
7337 5 81
8284 4 121
3901 1 788
5313 2 644
8548 5 443
1302 4 31
534 3 644
1273 4 835
5846 2 674
3346 5 677
1752 3 639
4168 5 84
4548 3 493
6181 2 481
3915 4 253
9663 2 260
1131 3 630
5518 5 943
220 2 774
368 5 816
5738 5 346
5588 4 908
799 1 452
6377 5 885
4027 4 513
6592 3 166
4356 1 511
4250 3 380
3976 4 945
6234 2 693
6085 3 507
2380 2 711
7349 4 618
3480 2 378
531 2 836
4759 2 228
2914 3 880
7165 2 683
2029 2 778
2154 2 215
4974 2 301
8633 1 528
8302 5 174
5177 5 163
3068 3 118
6851 4 547
6346 3 929
154 4 847
3487 1 47
2552 4 621
9259 4 298
5982 1 439
8354 2 53
126 4 278
5315 2 443
4106 3 645
3851 1 396
1961 2 652
1159 1 830
9267 1 787
3952 5 730
4520 2 382
9873 5 632
278 4 437
1002 3 263
472 3 233
9277 5 761
1071 3 940
1920 1 884
7361 4 354
243 2 969
2682 1 376
693 5 855
8242 4 125
6762 2 938
3118 1 105
7500 5 111
860 4 555
3471 3 511
938 3 627
674 1 960
6278 5 874
5422 1 647
7238 1 37
2582 1 186
2319 1 224
6558 3 391
702 3 688
9243 5 187
5216 4 482
1083 4 164
3482 2 109
2604 2 562
4713 2 711
8531 4 54
7123 4 434
9584 3 116
1409 3 446
8387 2 280
5097 4 295
3017 2 525
3275 4 66
4556 5 609
6886 5 251
8849 5 1000
8205 2 460
1922 2 291
7485 3 138
4640 4 732
9331 2 614
5450 4 823
862 1 291
5895 5 209
6946 3 473
3678 5 527
6269 3 722
9080 3 311
7051 5 949
9285 2 858
9585 4 453
9990 2 371
4111 4 857
3329 1 93
5203 2 259
9415 4 616
6694 3 21
2207 5 892
329 2 441
7818 5 321
3158 1 445
7318 2 13
4192 1 764
9007 1 158
2379 1 491
5194 1 877
2906 3 957
907 4 450
514 1 420
3332 3 816
7569 4 510
3125 1 432
5649 3 603
1737 5 495
7140 2 326
6423 4 602
7024 5 556
4123 1 433
8303 3 665
7028 4 727
5999 3 377
832 5 518
8591 5 297
3309 3 208
920 5 83
7805 4 279
1020 5 520
7314 5 488
9476 3 811
3485 2 510
2646 5 815
8522 1 938
2746 3 650
5090 1 938
8504 1 737
1565 5 443
7685 3 170
5072 5 513
4913 4 777
5767 3 752
5585 3 270
1583 2 572
5495 2 570
7905 1 429
1134 4 410
5062 1 919
6292 3 885
6663 5 451
7026 5 462
7334 2 998
18 2 174
5128 3 832
6429 2 110
7455 1 168
3651 5 530
2418 5 214
452 1 713
4809 5 128
6127 1 345
423 5 569
1115 4 352
1184 2 389
6227 5 986
8263 1 394
2375 3 835
7447 5 62
4280 1 681
3421 5 78
7347 1 506
6060 2 319
4594 3 30
8620 3 439
3413 1 680
912 5 621
7427 4 853
1001 2 162
3063 1 841
6183 4 669
7802 5 606
2390 3 295
7687 3 747
4283 4 312
7243 4 940
4106 5 376
356 1 192
8470 3 21
1159 4 917
6941 1 941
7077 4 640
5571 2 137
7099 2 907
9380 2 817
1550 3 350
4999 5 692
4797 3 381
5092 3 941
9949 2 121
9442 4 381
995 2 996
3381 1 592
1375 1 346
7171 1 55
587 2 665
3571 3 837
796 5 892
7066 4 269
2594 5 670
6100 3 754
3253 1 379
2447 4 625
4753 1 472
3783 3 953
3392 5 297
8827 1 478
3534 2 936
3523 1 787
4933 1 542
1308 5 970
9671 4 123
1742 1 577
2768 1 835
8818 5 761
2227 4 696
1478 5 499
7789 5 616
4099 4 381
5237 2 911
5799 3 18
2248 4 516
9605 5 861
6705 2 987
8535 1 686
2922 4 381
5951 2 312
5694 4 14
3631 4 940
602 4 13
8277 4 297
1086 2 980
489 4 971
1670 5 178
5729 2 87
7654 3 795
8468 5 595
7219 5 796
7992 2 375
7250 4 582
5745 3 353
9891 5 982
4763 2 445
1695 3 832
9220 4 480
8548 4 360
1848 4 192
8402 2 813
8765 3 891
490 5 854
7635 3 525
1555 1 707
4979 2 882
5491 4 631
6169 5 966
9206 4 959
8791 5 42
9066 2 162
494 2 519
7832 4 379
703 5 235
5689 4 218
8942 2 714
2528 3 935
9253 4 345
285 1 84
9950 1 628
8712 2 748
1224 2 369
2138 1 363
6630 5 344
2435 2 560
3917 1 35
9076 3 610
5481 3 122
1874 3 553
5502 5 270
2464 4 468
4708 1 379
5591 3 376
3775 3 699
5249 5 622
1499 5 323
5906 5 967
2238 5 834
4785 2 865
7954 2 870
5796 1 369
1840 5 186
7768 2 253
1885 4 922
5367 5 51
5469 4 105
2835 3 119
7961 2 56
4419 4 263
1971 3 37
853 3 588
6422 3 572
1162 4 920
9552 2 517
448 5 443
6162 3 767
6316 5 181
1438 4 59
9367 2 637
6117 5 266
5341 5 625
6487 2 806
2600 5 892
2927 3 267
7739 1 878
6455 5 54
2669 3 940
1124 3 341
1551 1 824
2021 5 395
363 4 779
5140 1 858
2070 1 172
2133 2 305
7337 2 527
7706 1 511
1131 4 519
3284 3 761
4976 1 852
5971 5 273
7869 1 234
2737 3 362
9144 5 82
6233 3 260
3289 1 219
3304 5 670
5397 1 534
754 2 783
7004 4 27
7474 2 421
6163 1 412
727 2 259
4228 3 416
8466 1 454
2952 2 350
4607 1 965
8277 2 367
1395 2 72
691 1 513
1383 4 263
2472 2 958
5664 3 935
8360 4 614
3189 4 756
2417 2 425
6085 1 720
300 4 938
824 5 69
8193 5 870
611 4 475
5246 4 333
9408 3 385
1088 1 387
5007 5 809
7863 2 712
7839 4 696
2827 4 742
4273 1 284
2011 5 988
9804 1 21
8043 2 229
9071 1 397
6748 4 758
504 1 913
7794 4 227
3136 4 65
106 2 595
3785 1 706
530 5 730
5061 2 229
9127 2 58
4534 3 353
675 1 870
2034 4 991
9035 5 405
3300 3 940
7833 3 666
9238 5 757
9490 1 419
7532 4 294
2247 2 837
6523 3 960
4711 4 774
8096 3 236
7911 3 970
5039 4 74
1949 4 394
2863 3 155
1795 2 387
7964 2 201
5627 4 723
7949 2 404
8058 1 30
8307 5 427
5200 1 743
9757 4 275
3835 1 463
4419 4 197
9608 5 543
8722 4 523
444 2 299
5461 2 232
6864 1 9
1683 1 41
296 2 96
2966 1 504
500 2 940
2297 5 822
1314 2 752
9440 2 772
1276 4 839
5628 5 863
6451 4 512
9424 3 685
6931 1 896
7674 1 863
8189 2 342
7128 5 610
9201 4 480
2408 5 12
3079 1 553
3954 5 378
2835 1 50
6655 2 198
8518 5 735
5423 1 477
7099 3 419
2071 1 769
8148 5 366
9115 3 709
3333 5 598
4995 1 86
7690 3 294
2593 2 875
7194 1 737
3207 4 559
5851 3 234
6416 5 472
5133 3 803
3770 5 132
566 4 490
3117 3 327
3309 1 997
4882 3 257
712 2 780
377 1 326
6586 4 867
710 2 820
3396 5 1
9249 1 57
1520 2 219
3826 2 40
2059 1 976
3159 2 279
1509 2 194
1734 4 367
9826 5 981
8406 4 222
4661 5 411
6068 3 950
5097 4 152
7654 5 630
4895 5 973
3080 1 339
2283 4 949
9271 5 939
1501 3 882
7706 2 332
2432 4 362
2021 2 89
4038 4 431
6861 5 544
1880 3 333
9748 3 946
2071 1 494
4778 5 326
5652 4 8
6698 4 648
1423 3 827
7735 5 916
4804 5 824
4891 1 832
7650 2 490
5100 1 375
1174 1 664
2418 5 275
7004 5 655
1121 1 498
7004 1 726
5779 2 841
2375 1 670
1555 5 197
3560 3 405
1752 2 664
1956 4 68
7480 5 588
6397 1 670
6557 1 276
1316 4 493
2512 4 602
1654 5 963
3969 3 456
8049 1 180
6042 4 869
9383 1 983
5442 5 112
553 2 630
7821 1 845
253 3 857
3599 3 289
6448 4 350
3184 2 692
1973 4 300
6115 3 959
5392 4 129
1576 4 907
9088 2 347
2732 4 700
6799 5 694
913 2 374
7076 1 287
6494 1 579
5918 5 683
4380 1 459
4573 4 523
544 4 763
559 4 118
2337 2 636
5076 3 131
9337 2 918
4745 1 896
9073 3 581
7901 3 333
8805 1 362
8856 3 52
1716 5 9
7525 4 14
9940 1 603
9213 5 352
448 4 854
4891 5 279
19 2 489
698 2 997
7573 2 478
6840 5 609
4563 3 546
6582 4 702
74 2 490
1413 5 766
5083 5 574
8254 1 330
1931 4 876
5644 1 86
6583 2 447
2645 1 604
5324 4 30
2539 4 727
4015 5 988
911 3 423
877 3 714
900 2 783
6425 1 62
9848 4 628
9163 5 939
3666 1 768
9754 4 616
9249 2 581
2853 4 552
6643 5 210
4504 1 391
4164 2 275
4036 2 658
3530 4 927
8919 2 220
4399 2 598
2632 1 480
8747 3 617
2110 4 401
8657 4 55
8859 2 59
8675 3 430
1235 5 784
1806 5 224
9936 5 82
2980 3 390
4302 5 302
8262 5 540
2783 2 555
2937 1 764
3960 4 992
6047 4 894
4983 2 959
7477 4 88
9666 2 703
656 4 221
6920 2 627
7237 2 92
7748 3 807
296 3 607
2714 4 645
1125 4 997
180 4 258
2603 2 677
4656 3 106
1183 4 32
7537 2 78
2219 1 457
7621 5 522
4798 3 964
7804 3 8
976 5 616
2333 5 136
961 4 530
5221 1 944
3130 2 526
9890 2 763
591 4 454
5424 5 41
1187 1 777
7261 4 226
9984 1 642
4297 3 11
3846 2 28
1048 4 809
9427 2 770
9505 1 161
4679 5 529
3229 4 306
3481 2 359
4186 1 838
4133 3 212
441 4 982
6335 4 820
3500 3 134
4023 5 123
583 2 841
3344 2 675
591 5 747
5743 4 797
2708 4 553
9191 5 438
9729 5 490
5533 3 941
9299 3 212
8721 2 614
7981 1 6
7931 5 898
5352 4 252
5042 5 245
4586 4 684
3002 4 602
9248 1 593
9438 5 209
6620 4 706
805 3 474
2737 5 494
8551 2 378
7849 2 663
1266 1 64
2652 4 257
6387 4 385
6775 3 50
4777 1 769
7733 2 622
8194 1 710
8160 2 694
4474 4 104
1362 5 226
7204 2 287
4719 2 177
748 4 474
5369 4 24
7308 2 965
3772 2 539
5096 4 476
8069 4 193
8563 2 169
2784 5 186
8531 1 84
4398 3 489
4101 2 978
4703 5 321
712 2 353
7230 4 485
9144 3 654
6475 1 255
6656 1 427
4517 2 512
9937 3 865
9730 5 820
8958 3 213
1558 5 822
9543 1 813
4262 3 223
706 2 502
1908 4 671
28 3 522
5874 4 450
4768 5 122
7862 5 407
5717 3 222
3831 5 106
3985 5 448
7738 3 859
6767 3 680
9514 2 399
2175 2 743
9785 1 928
8629 4 418
164 2 420
2087 1 243
1622 4 69
3579 3 879
773 2 315
3013 2 830
5608 4 822
2660 1 167
1472 3 623
7228 2 325
6288 5 859
2276 3 66
4579 3 751
8708 2 171
1959 4 374
3119 3 80
6458 2 777
2326 1 662
9446 1 231
7799 5 324
8488 2 813
5639 5 884
532 1 71
5821 5 198
4585 5 403
5256 5 674
817 5 1000
8798 2 27
9246 3 145
8993 2 816
6533 5 289
2785 4 982
8984 4 770
9614 1 161
8327 3 532
4488 3 745
9615 5 777
7896 3 320
51 4 813
4932 4 402
8196 4 721
1065 5 556
6382 2 381
4837 1 227
840 4 889
9328 4 899
8436 3 154
1096 2 971
7815 1 338
1774 2 206
1382 1 782
9574 3 438
3526 5 271
5085 5 231
1150 4 48
7948 5 714
8926 3 297
8447 2 425
2467 2 756
9809 2 225
6512 4 968
712 4 430
3305 2 909
1939 4 337
1742 3 819
4748 4 684
59 1 315
7377 5 139
459 1 3
9022 4 894
7431 1 781
7577 3 58
7012 1 124
4381 5 228
8743 5 544
8897 4 813
3140 4 181
2709 4 241
6520 2 585
2947 2 824
5612 2 386
5808 3 689
1366 2 730
4549 4 248
6516 4 224
5439 2 151
3355 1 677
8881 4 36
407 2 622
6698 1 480
6939 4 256
2079 2 33
2445 2 570
1838 5 11
5148 2 898
7191 2 527
299 2 761
6213 3 850
2261 5 657
1438 4 892
8100 4 968
9214 3 715
1920 5 227
3515 1 806
3327 3 293
4711 4 813
7173 2 29
3558 2 963
5773 1 979
5208 4 662
6864 1 657
2869 5 857
9143 2 616
8559 5 39
2481 2 231
308 1 54
4650 2 927
5313 4 71
6322 5 238
9482 1 461
4980 4 937
726 1 782
8217 2 353
8284 3 701
8161 4 935
7001 1 985
7502 1 70
4069 2 624
2478 3 75
3671 4 282
6073 3 711
795 1 31
702 4 165
7543 4 109
2357 3 794
751 5 699
1776 3 266
9554 2 399
5478 5 767
9462 2 236
4241 3 599
4861 4 434
3317 1 142
2263 5 453
270 1 571
390 2 942
6618 2 497
8428 1 520
6183 4 632
7029 3 390
7611 5 564
2093 5 515
5281 5 112
6831 5 26
6978 1 458
9128 1 445
5973 3 762
3008 5 318
114 3 591
4668 1 806
3443 3 288
5144 4 701
3466 3 59
6570 1 858
8953 5 828
3473 5 542
5888 1 731
4566 4 351
7966 5 535
5953 3 151
2294 3 942
834 4 9
7829 5 253
2275 3 722
2651 1 663
6976 1 519
4011 1 625
8184 3 588
4986 5 317
544 1 718
5286 1 554
8407 5 148
2032 3 843
802 5 812
9006 3 889
5753 2 844
5058 4 90
5006 1 497
9399 5 705
4343 2 579
1164 1 847
6351 2 413
1420 2 447
4301 5 199
1263 2 575
5297 3 17
4631 1 36
5756 2 344
3234 3 13
1797 5 739
9839 3 597
520 5 268
2837 3 490
7136 2 945
7556 3 572
3280 4 479
649 3 206
137 4 81
8060 2 88
7915 5 20
9566 4 738
237 2 845
4126 4 873
4677 2 755
7630 4 793
1847 3 360
1265 5 243
7551 3 287
9179 1 166
5970 4 52
1518 4 61
6774 1 87
7914 2 644
6729 1 736
6572 3 999
1793 5 689
3980 5 204
7301 5 997
4595 2 596
4865 5 506
3399 1 913
4942 5 898
9926 2 213
9892 2 705
7798 5 179
9004 1 642
1405 2 944
2149 2 298
7914 5 735
1885 1 488
8374 2 720
131 1 475
4993 2 902
6536 3 643
4708 5 22
2419 3 915
7635 2 433
2232 4 383
6973 3 925
3931 1 260
1465 4 977
7103 2 339
1980 3 26
6383 1 602
7816 2 964
1439 4 102
2357 2 693
2445 3 323
9782 1 96
5215 5 343
1459 5 740
6600 1 793
1118 4 875
5177 5 412
6525 3 687
2479 2 721
3581 2 856
8346 4 396
9284 5 163
808 2 209
1787 5 119
4685 2 312
8390 5 506
5469 5 503
2064 2 283
9304 4 969
7536 4 480
7868 3 552
3010 3 600
6378 3 321
9821 4 127
332 3 610
4102 4 224
2508 2 270
6730 4 503
6923 2 526
6072 2 709
5579 3 883
5320 5 379
7640 5 703
1573 4 41
9052 2 896
3809 1 683
9038 2 545
296 4 887
7727 4 547
1587 3 66
9073 3 92
8164 4 962
4131 1 338
1904 4 952
1533 2 123
2555 5 241
7328 1 47
5923 2 961
1151 5 177
2628 2 552
8774 4 923
8215 3 712
6862 3 394
1980 1 500
1337 2 133
2013 4 180
1140 1 581
8696 2 313
9402 2 355
7458 4 998
8139 1 646
8403 1 999
754 4 278
9492 2 89
4529 3 433
128 2 831
2623 5 474
7296 3 847
2783 4 78
4763 5 881
805 1 905
2705 2 27
3479 4 409
803 1 361
5086 4 71
1295 2 931
8979 2 746
8896 4 135
1722 4 855
5533 5 989
5107 4 27
3108 3 502
6818 5 994
375 3 397
9241 5 505
9896 3 158
4038 4 963
5635 4 240
2038 3 820
6178 1 825
5929 4 101
7278 3 121
9935 1 311
9455 2 193
2293 4 329
5057 2 235
7060 2 827
7933 2 350
8942 3 224
4828 1 568
7127 4 868
4470 2 944
2566 2 511
3287 1 556
7345 4 146
5998 3 434
3541 1 900
6702 1 195
7563 2 704
8414 3 529
1935 4 711
1866 3 750
56 5 357
6377 4 376
7221 4 566
2589 3 188
8528 2 797
524 2 743
8123 1 351
1257 4 56
4367 2 398
1804 2 104
3373 4 857
6808 2 526
6344 3 196
1957 3 177
3550 3 906
3571 2 455
6076 3 566
3860 3 189
1226 5 112
8011 3 478
6417 4 380
3894 5 757
5205 4 982
4661 3 895
3333 3 467
3291 2 258
6684 3 357
5393 5 54
9836 2 761
8590 4 702
5354 1 636
100 1 709
4253 3 339
7483 5 623
7504 4 393
6155 1 265
3599 1 437
8484 2 912
3368 1 386
3916 3 734
2159 3 204
8931 5 169
3163 3 26
4581 2 944
7 4 283
3549 2 526
5483 2 763
3359 4 346
7484 5 115
2943 5 373
162 5 30
6657 5 393
7758 1 533
686 5 383
2109 4 590
8541 5 640
753 3 344
9685 3 1
4306 2 300
3063 1 759
3370 1 240
7224 5 806
5773 1 386
5661 1 761
2078 3 878
3906 5 618
3635 2 391
6922 1 427
9919 2 608
6736 4 778
8024 5 840
8012 3 786
975 5 35
5220 2 333
7927 5 385
6017 4 597
1079 2 716
2704 1 82
9742 3 985
2799 2 264
1904 5 188
7542 3 314
5415 2 94
3792 3 254
9160 3 935
9442 4 959
9971 5 350
9530 1 125
1858 4 589
2702 3 742
1905 5 524
4209 1 185
1745 3 661
4423 1 824
3382 5 868
9710 4 984
70 2 322
2997 1 545
9253 4 26
4312 4 515
8092 2 575
7002 2 348
5535 3 832
2696 4 982
5266 2 412
664 4 554
8658 4 438
2505 5 372
7067 4 445
472 4 501
1187 3 140
2839 1 351
4605 2 494
4222 1 54
1348 3 898
7778 4 197
948 3 614
5045 3 258
3437 4 344
2824 5 103
