145
746 4 679
2454 3 575
8516 2 652
4710 3 457
3979 3 832
9923 2 246
2280 2 722
2448 4 63
1573 5 794
9327 3 707
2789 3 13
3877 3 885
4511 5 661
2239 3 42
4549 4 930
7914 5 297
8064 5 402
9662 1 685
9369 1 479
4771 2 494
2469 1 870
5217 2 416
6517 1 250
3154 5 573
4120 4 752
5991 3 321
4310 4 462
3426 2 503
5750 4 745
1206 2 49
4189 1 705
8845 4 611
7126 5 29
3492 2 500
2505 3 753
9185 3 470
4134 3 159
5513 5 887
1043 2 732
4610 1 426
726 5 220
410 5 230
311 3 451
9058 2 246
1139 5 259
1592 5 588
1438 4 119
2245 5 908
7231 3 455
9786 1 818
3 1 193
8413 5 466
4150 1 615
7607 1 841
1324 5 867
7407 1 111
4852 5 449
3062 2 194
2890 3 933
9702 1 69
9638 5 784
3523 5 511
8485 2 183
1945 3 935
689 2 908
4199 5 967
8849 2 713
1445 5 617
2504 1 545
346 4 470
4609 5 629
9725 5 317
3393 2 512
9003 5 345
5301 1 294
5281 5 278
3907 1 377
2790 2 176
1443 5 728
2537 4 778
8293 1 912
8272 4 881
5267 2 326
1071 5 613
6131 5 855
7977 5 870
1922 2 800
1999 3 773
3245 3 692
498 1 703
7439 4 815
266 1 633
7109 2 720
2905 5 485
521 2 858
8005 1 114
3219 2 697
9930 3 35
8250 3 969
7367 1 894
4009 1 462
8564 4 875
7524 4 133
2926 4 92
1645 5 483
3801 4 982
3417 5 972
1488 2 161
1912 3 399
4045 4 280
4777 5 74
3067 4 665
3767 4 885
4424 1 511
9706 4 993
8917 3 119
9580 5 576
126 4 962
2065 2 554
4892 3 987
8091 3 808
8192 4 440
6583 5 993
9971 5 344
9462 2 924
3150 1 971
8837 2 761
9939 1 956
9903 4 906
4670 4 830
2128 1 231
8822 1 477
2296 2 466
4171 3 90
4339 4 387
501 4 422
3334 3 534
7512 1 755
8080 3 642
9447 2 985
2982 5 474
417 4 91
4347 1 101
4349 4 146
3400 5 785
6253 4 445
8358 2 965
9592 3 967
7927 2 308
5810 1 273
7158 2 901
4046 2 716
1019 5 645
1808 2 672
9317 3 70
1903 2 400
4332 4 686
9804 2 282
9330 2 408
3234 3 212
6356 4 969
6328 3 504
1984 4 795
4029 2 124
7777 5 551
4821 2 488
3995 3 152
98 2 28
9334 2 542
7161 2 443
4648 2 877
4823 1 252
155 4 706
6191 5 838
764 4 792
4519 2 433
1977 5 413
9410 3 451
3399 5 31
7396 4 350
9613 3 86
1830 4 375
6143 5 335
3302 2 684
5848 3 863
2814 5 349
3064 2 392
5264 5 950
4413 4 491
5281 4 649
5165 1 33
1018 2 958
6120 3 1
1600 4 216
5600 4 558
3945 4 32
2079 4 624
8620 1 562
8230 3 519
9913 2 488
2880 5 185
7089 5 202
2424 2 24
9572 1 427
1480 2 752
8384 4 446
9014 1 519
793 4 451
8632 2 386
4411 5 981
9026 5 215
5813 5 76
3086 5 842
8243 5 205
3915 3 884
1762 2 321
9512 3 153
9020 1 728
9789 4 453
4429 3 835
8673 1 912
8830 1 984
6028 4 174
7967 1 304
4024 2 537
2013 5 793
6227 5 16
1390 2 470
8935 4 963
9756 5 724
4915 2 628
6852 1 206
178 2 321
6948 5 590
250 5 361
4968 2 668
2136 5 263
3094 5 743
9416 1 978
2690 4 36
2750 5 449
81 3 138
8822 2 23
5278 4 87
877 1 692
2794 2 675
2479 3 77
4463 2 670
155 5 470
7112 4 142
4903 3 28
2715 2 553
6820 3 627
4719 2 848
1867 4 532
7821 2 907
1848 4 767
6732 4 196
3398 4 144
7421 3 314
6795 2 953
8146 1 151
9461 3 172
9159 5 989
2220 3 669
466 2 854
3822 4 874
4891 3 10
7630 4 986
4202 5 132
9411 4 491
3955 2 907
5360 5 148
2347 1 148
9664 4 675
9265 3 891
2850 4 381
3145 3 607
9936 3 986
795 3 801
4088 3 953
3436 3 589
9275 2 851
4214 3 868
7422 3 105
4957 3 827
6722 5 154
5933 3 659
2221 4 749
4045 1 411
