890
8978 3 897
6804 1 846
7866 5 363
4203 3 63
4332 3 302
6364 2 769
9993 4 519
1530 4 366
1280 1 973
3755 2 263
9977 4 264
1423 1 699
7612 4 32
9634 4 557
214 2 505
4253 2 593
4226 1 995
847 3 56
1682 3 875
3678 1 590
5705 2 600
5539 2 384
3676 3 813
8590 3 91
57 2 223
4448 3 458
8363 4 143
197 4 933
3600 3 82
1746 4 1
7801 2 193
6991 4 565
8704 5 684
4074 5 582
6212 3 220
7863 5 469
3695 2 958
9367 1 102
2889 2 45
1261 5 553
3035 3 248
2825 2 882
1035 1 337
3549 5 813
8393 2 201
6933 1 48
9340 2 729
4374 1 896
9241 1 573
8277 3 277
3066 2 331
8523 4 107
1316 1 91
6100 4 596
2996 1 787
7832 3 838
8232 4 67
2469 2 63
5984 5 166
2633 1 933
6529 5 643
3946 5 35
8685 1 712
2852 3 366
2172 4 480
1440 4 70
8268 1 61
2131 5 45
3683 3 475
5187 4 821
53 5 571
1800 3 392
2848 2 703
6279 1 284
273 3 590
6302 3 52
8393 5 759
6656 5 424
3684 2 802
5555 5 764
7125 5 149
237 5 246
2800 3 645
7604 3 26
8802 5 53
1195 2 834
4800 1 609
7613 5 179
5663 3 125
9705 3 109
961 3 3
4924 5 519
8719 2 413
7670 1 453
6203 5 621
8023 5 689
3839 1 463
5990 5 550
7134 3 603
6864 2 20
9269 2 649
2675 5 346
9139 4 359
947 2 131
8543 5 228
2018 3 556
6360 4 629
5027 2 984
1410 5 589
3077 3 436
8707 3 511
1190 4 878
5617 4 263
9724 5 194
8849 1 433
7371 1 519
7161 4 116
65 4 366
6326 4 324
994 2 974
6562 1 159
7844 2 413
7785 2 86
2603 1 805
891 1 316
7723 3 302
1651 1 756
863 1 192
2142 2 157
5188 3 585
8989 3 162
3257 4 420
8975 4 933
7395 2 995
1949 4 876
2925 1 505
6783 5 46
1210 2 325
737 4 476
168 5 907
2369 3 164
1452 5 355
4524 5 477
1473 1 467
2168 1 895
9187 3 375
7015 4 455
106 4 975
436 1 457
760 1 372
8740 1 516
8083 5 777
1838 4 446
5423 2 208
3709 5 420
2066 5 451
895 2 543
6680 2 830
7125 4 762
6842 1 461
6952 1 262
7998 4 556
2275 5 333
3600 3 900
3503 1 713
660 3 571
8708 2 767
1844 3 337
4589 1 211
7458 5 504
8184 3 834
6798 5 957
942 5 900
4008 5 616
9446 1 708
7652 2 493
4722 1 494
4970 2 136
479 1 82
4888 1 962
386 5 490
3395 2 911
905 4 206
7512 4 897
9993 4 631
9720 3 906
5675 3 68
2877 2 513
2453 3 923
6895 3 718
2385 5 629
2541 5 403
1419 3 410
9736 2 165
5497 2 932
2261 3 702
25 4 137
1759 2 767
8239 3 904
4151 1 733
5050 1 185
6444 5 66
8933 1 188
2867 1 396
1167 4 413
3481 3 534
2978 1 128
9054 5 202
9722 5 826
4189 1 490
6745 1 795
3174 5 954
1251 4 881
6401 5 311
6262 1 789
4157 1 911
8566 4 264
3808 3 202
4560 3 613
1743 4 273
9518 4 990
9113 5 804
7383 2 233
604 2 182
9621 2 881
4933 1 317
1328 4 693
4690 4 442
6375 5 690
778 2 153
6088 5 587
9538 3 86
1946 5 155
7749 1 739
1710 1 966
5181 3 672
5710 5 188
7452 1 218
4348 5 534
59 2 93
8960 4 44
4799 5 468
2127 2 313
7152 2 371
7306 2 238
1721 1 498
7528 2 652
3540 2 956
8569 3 439
8602 2 78
5684 1 11
1093 1 984
4949 5 851
4997 5 413
3329 3 892
3168 2 923
1614 4 664
8206 3 474
2680 1 126
799 4 653
7534 4 253
1640 2 234
5267 1 649
9948 2 408
1161 5 416
8369 4 658
1711 2 162
1433 2 737
6958 1 450
9755 1 286
1381 2 407
6254 1 456
3936 4 518
3606 2 250
6852 5 468
7178 1 227
6105 4 936
6347 1 239
3185 4 906
7876 4 250
4659 1 156
1743 3 543
6478 1 709
2134 5 475
7061 5 54
8094 2 512
9594 2 453
5793 1 439
4201 1 381
9878 1 910
1631 3 296
7327 2 854
6153 5 957
1108 4 199
9497 2 812
6056 4 91
7757 5 331
4575 1 206
1615 1 238
1023 5 648
8471 3 59
2329 5 491
1371 3 968
2319 4 765
9696 4 394
6585 1 115
662 2 483
2088 5 242
9042 5 939
2646 1 296
9327 3 1000
8024 3 724
2129 3 660
8359 2 24
4666 5 212
7412 4 892
7361 3 982
5314 5 82
3214 3 812
1667 3 708
6455 4 53
1831 3 326
4953 4 645
9817 1 536
245 3 762
3460 3 149
4996 5 771
4627 4 784
3642 1 290
6469 3 575
7637 5 912
295 4 164
7010 4 201
2700 4 761
595 4 30
5316 3 105
5325 1 618
6716 1 746
823 1 55
7309 4 794
1993 3 24
9979 5 504
3819 2 984
5045 5 348
753 2 857
666 2 304
5091 3 729
7365 5 187
619 3 209
9903 1 420
7634 2 624
1744 3 655
7280 2 30
3413 1 323
8104 3 177
9493 2 253
3813 1 78
9564 5 479
4585 4 162
4297 5 510
5932 2 965
2112 4 647
3479 2 200
7583 1 497
7688 2 363
8885 4 909
9799 2 311
6630 1 866
6618 5 790
6316 4 314
843 4 645
3446 4 748
9278 1 444
2929 3 505
4686 3 745
5051 5 600
6039 2 653
2520 4 906
7417 2 930
5594 3 8
4157 1 734
7291 2 160
3201 5 656
6825 4 946
8016 2 317
121 1 224
6143 4 77
3402 3 824
7011 5 468
182 2 220
7835 3 78
3458 4 874
4687 2 11
8513 5 185
4077 5 733
6385 1 825
2835 2 95
7336 4 11
7398 5 167
1191 4 812
8566 2 813
4355 4 43
7393 3 254
3229 2 307
9601 1 622
5963 1 825
3225 2 514
8562 5 513
3861 2 410
9021 3 894
9610 2 668
1811 1 146
4801 3 35
1909 5 613
740 1 166
5888 1 829
5152 4 607
6364 2 985
5643 4 780
149 2 728
2428 4 172
3366 3 465
4431 4 126
2902 3 798
8729 1 335
8587 2 426
5870 1 94
8242 1 470
8188 5 582
3994 1 971
6905 4 362
3004 3 664
7430 1 85
4904 2 248
313 4 969
3095 1 226
9767 4 278
6957 5 393
6076 3 714
491 4 451
7178 2 177
7224 2 70
7149 4 729
693 4 962
855 2 326
5648 3 921
4926 2 773
616 2 2
5161 4 957
3283 2 901
3234 3 728
3630 2 2
1781 1 35
1845 2 186
232 3 726
314 1 821
7322 5 610
7980 3 487
498 4 571
5601 5 828
1335 3 85
2212 5 161
1554 5 715
2090 1 3
3321 1 91
3566 4 293
2899 5 770
558 3 371
3065 2 287
8066 2 850
9860 5 37
1692 4 546
3425 3 463
3013 1 188
9769 5 36
9506 3 685
9265 4 596
6065 5 457
9254 3 560
6579 1 545
6262 4 142
8300 4 989
4011 1 637
224 3 722
8660 5 31
6774 1 270
2655 2 67
8832 4 815
4702 1 714
7980 1 743
1962 2 710
6760 3 752
2806 3 52
5140 1 54
6521 4 972
7127 2 472
9307 1 564
4379 2 309
4917 2 608
337 2 421
6216 1 150
8287 3 780
5154 1 948
5704 1 65
3340 4 602
1504 5 112
1515 2 524
8927 1 998
3938 3 440
3841 2 896
2906 2 191
9287 3 18
7499 3 2
8412 2 139
2049 3 635
8434 2 854
887 3 319
2502 4 427
2800 1 831
1697 2 380
5885 5 873
8879 1 316
8342 2 929
1088 1 22
1736 4 986
5218 5 612
7965 3 791
4964 2 721
5243 1 604
7669 2 143
5885 4 592
3178 3 820
1982 3 122
4633 5 472
6916 5 285
4634 4 852
4059 2 56
9438 1 715
1340 1 721
4459 5 940
4135 5 249
880 5 101
9108 5 835
9423 1 198
5391 2 129
3497 5 371
766 5 236
5726 2 761
7756 3 814
2588 2 701
10 4 165
1410 4 148
2510 3 782
7378 2 317
4248 2 314
4521 4 297
694 1 8
7594 1 178
2724 3 56
5970 5 503
6577 1 366
7702 2 918
3790 4 567
270 2 228
653 3 891
8525 5 828
6190 4 63
7908 1 817
250 4 915
3876 3 301
9093 4 377
4443 5 946
9283 1 145
4369 3 863
7811 5 143
500 3 345
768 4 87
196 3 296
3760 3 220
7280 1 267
4890 3 170
5368 4 538
800 2 104
411 2 268
9720 5 601
8947 3 38
9247 4 668
3730 2 543
9015 2 706
6713 2 689
5071 3 331
6439 2 629
8428 4 166
232 2 405
9817 1 928
15 4 550
2010 1 686
7538 5 350
7729 5 720
2736 2 611
3510 3 176
9854 2 282
1951 3 566
7873 5 374
8187 5 953
516 4 962
5308 1 85
6267 2 5
869 4 873
9557 5 257
6507 4 880
550 4 360
7597 1 274
2990 5 799
2889 3 241
6022 1 634
8536 4 12
3182 3 982
5665 4 572
2573 4 201
8769 2 429
7186 2 499
9994 1 568
6726 4 421
859 2 6
4757 1 973
535 4 147
1869 5 832
5693 2 9
1742 2 97
8495 3 939
5173 5 78
7146 4 397
1686 1 47
3892 2 891
3674 5 974
9144 1 416
9473 5 29
9392 3 956
7287 3 610
8106 2 147
6819 5 580
5153 3 258
8485 5 976
1194 2 253
6816 4 157
8134 2 894
104 1 735
5321 4 274
5553 5 421
6474 5 176
4184 2 923
9959 5 659
2911 3 97
5799 4 542
5583 1 914
7466 4 647
6735 2 793
365 5 623
2710 1 302
3537 2 621
4117 1 926
1680 2 983
7854 3 55
1280 3 529
5510 3 944
2504 1 477
9157 1 862
1823 2 961
159 3 516
1545 2 389
6312 4 839
3662 1 451
9935 4 715
4713 3 700
411 1 434
941 1 699
9763 1 45
4734 5 211
8054 1 181
9855 3 770
9434 4 714
5428 5 983
3741 3 839
7036 1 827
6527 3 718
9494 3 114
8511 1 995
9265 1 204
4653 4 230
6665 3 51
871 1 168
3270 4 559
5843 2 663
4252 5 173
9737 5 836
7257 3 601
3088 4 625
2425 5 790
9056 2 94
3959 1 48
8588 1 524
6846 4 818
30 4 302
2453 1 754
3280 5 985
6129 4 996
6986 4 523
2869 4 810
538 5 26
1168 4 941
801 4 97
7799 1 603
7922 4 75
1093 1 631
7172 4 482
9673 4 599
9540 3 985
3845 2 432
5030 2 283
5819 5 372
5881 5 665
5317 3 155
4648 1 593
323 3 467
4205 1 881
6171 2 154
4850 2 758
2930 2 345
6064 4 485
1879 5 462
2996 4 211
9324 3 660
2756 5 660
3393 3 541
2977 3 240
3249 2 552
1773 4 145
1736 4 512
6969 3 931
1210 2 7
7622 3 606
1699 3 400
2611 1 678
5123 5 966
6058 5 337
8348 3 828
9483 4 10
2942 2 868
3762 1 968
9796 1 202
2105 5 117
2208 5 823
3386 2 57
478 3 589
1584 5 767
7854 5 543
911 1 997
8125 2 462
42 3 143
7344 1 544
5376 2 387
971 2 50
1692 5 114
5024 2 349
6681 2 299
7441 1 562
1026 4 959
2249 1 365
1656 2 593
375 4 861
9793 5 558
1371 2 30
302 3 534
937 2 685
6684 4 825
3837 3 823
7970 2 52
6587 3 887
4418 2 548
2490 3 541
7950 5 753
230 1 888
2090 4 358
3786 2 812
5202 3 300
4765 5 719
3790 3 42
3392 4 819
4536 4 501
3623 4 872
2449 1 832
3097 5 913
1151 1 523
1571 5 979
7971 2 321
4861 1 529
6670 5 125
8015 1 123
1847 2 7
4469 1 393
6688 2 27
2776 2 238
6696 2 181
6649 3 542
8473 4 449
5831 3 230
6154 4 113
1249 1 678
7799 1 450
1202 3 860
4242 1 402
3001 3 272
519 2 817
9137 2 781
6378 4 561
2871 1 878
9097 4 360
3819 1 619
4282 2 843
9819 5 388
3269 2 923
8963 1 785
6259 1 268
4799 5 431
6143 4 277
2245 5 199
8714 1 875
898 2 72
5947 1 2
3559 3 254
3061 4 495
5373 2 685
6407 3 652
8628 4 993
550 5 714
554 1 179
7990 1 925
945 2 391
1766 5 540
577 2 141
6098 1 179
9720 5 586
7755 3 901
423 3 150
7110 1 183
7618 5 358
7031 4 570
4158 3 860
7638 4 108
5273 5 471
9456 3 474
6763 3 618
5929 2 215
3711 3 345
5145 1 738
4767 1 538
1554 3 794
5174 5 70
3573 4 901
6071 3 382
6816 1 268
8425 4 67
2855 3 254
5679 1 844
6469 2 542
3877 5 146
5912 4 196
5767 4 953
9570 3 611
475 1 462
870 1 351
2998 5 844
8994 5 937
9614 5 502
3400 3 6
1444 5 888
5346 4 914
2555 4 865
1884 1 635
4877 2 920
6367 2 214
7086 2 655
3704 3 788
9442 5 389
8682 5 355
9678 3 313
2459 4 50
4289 4 784
7707 4 843
8875 1 135
5594 2 172
4756 4 16
8636 2 581
1791 2 647
4639 1 724
5621 2 99
3396 5 481
7463 1 129
4827 4 332
8496 5 600
3625 1 843
4962 1 274
6827 5 525
7392 1 911
1023 3 653
7100 4 567
5076 4 777
6462 1 593
5631 2 30
4890 2 832
5408 5 741
3730 1 147
4280 4 23
568 4 925
4781 4 273
2230 2 181
9465 5 700
9165 3 62
4524 5 309
9977 3 960
287 5 21
5404 5 406
6706 2 528
5480 2 452
5069 2 655
1483 5 444
3527 4 365
649 2 731
8110 4 309
7465 2 624
2053 3 199
4331 4 786
4797 1 134
113 1 693
5453 2 513
2994 5 348
5445 2 421
5747 2 173
7253 3 736
2384 4 529
7239 5 695
2540 4 945
5286 4 309
5449 2 296
1879 3 36
8984 2 168
1146 4 445
8022 4 576
9795 3 755
9154 2 739
1669 3 273
9389 4 472
6582 4 969
5933 3 54
1898 2 480
664 5 345
1952 5 888
7921 2 561
8996 4 995
9759 4 169
6411 4 105
4627 4 460
847 2 949
6778 4 696
3988 2 685
9155 4 130
3478 3 420
6436 4 5
7630 1 624
4634 5 715
134 4 113
6041 4 443
1550 5 184
2144 5 496
5073 5 194
5533 1 377
2540 2 605
876 5 290
9076 5 201
8917 2 149
4692 1 471
4991 2 296
5507 1 545
8674 5 200
1094 4 965
295 1 323
2178 3 572
6333 5 313
6897 1 433
685 1 467
9589 5 411
6078 3 567
1255 5 722
5004 5 614
7226 5 915
3821 3 967
8553 4 406
883 5 427
5720 1 250
9505 1 638
1727 5 8
5143 5 828
9600 5 776
72 1 121
8984 4 502
1487 1 364
9474 4 721
1162 4 111
253 1 405
5284 5 465
8217 5 953
2769 3 292
441 2 947
7259 3 7
1945 1 171
2335 4 34
7652 5 723
5057 5 917
4805 4 845
6761 4 364
5216 2 568
2518 5 912
9221 1 439
4614 2 522
8535 2 439
5712 5 572
6959 5 798
2137 3 840
2124 4 453
3679 4 308
1286 1 154
190 4 285
3272 3 238
1951 4 781
8683 5 192
462 2 43
8888 1 25
1323 4 472
1945 3 880
915 5 188
445 3 438
1395 3 117
312 2 660
9339 5 498
689 5 296
288 4 872
9186 3 375
4074 3 481
2764 2 740
2080 5 487
431 4 616
5801 1 230
2331 3 742
1794 4 116
9535 2 79
9635 2 498
400 1 688
5942 2 592
6698 5 610
3726 1 112
4237 3 177
2620 3 227
7966 4 76
9325 4 598
4647 1 295
1697 2 264
1912 4 241
5617 4 449
1358 4 588
5089 3 341
8103 5 676
6960 1 570
6152 4 837
6848 5 197
4766 5 45
3849 5 600
8110 2 856
7166 1 752
3187 3 615
8857 5 916
9459 4 56
1941 1 886
2963 3 11
3542 3 586
541 4 111
3759 3 620
27 4 983
1868 2 57
464 3 208
7930 3 81
5111 3 508
5537 3 80
5450 5 376
4674 1 641
2558 4 207
6084 2 924
7041 4 173
4363 1 134
1910 2 619
926 2 625
2067 3 320
4102 5 248
3736 4 583
1524 3 926
1003 5 346
3815 3 975
1414 4 776
2861 1 376
5881 4 450
9470 5 289
8917 5 55
9060 5 402
524 2 101
9575 2 359
4148 5 950
1264 4 556
8046 3 937
678 2 309
4746 1 442
4866 3 92
6941 5 9
3997 4 101
4526 2 592
3156 2 406
2203 4 919
6962 5 99
8677 1 990
6946 5 345
7559 1 370
4423 3 471
6055 3 110
8914 3 1000
6133 5 203
5689 4 387
2086 1 448
4156 1 844
3868 1 568
200 5 409
5906 2 32
3087 3 295
2648 5 678
1395 4 627
3156 4 2
2031 2 377
3559 3 998
5462 3 524
9007 4 533
1619 1 717
7164 1 711
2750 2 905
3260 2 256
7970 5 535
1146 2 850
6057 2 618
7110 2 478
3693 5 957
1566 2 194
8185 3 239
9377 5 609
1285 1 845
2169 2 569
2400 3 565
5122 1 672
4965 4 81
6009 1 868
1274 2 441
2656 5 876
5208 4 46
8617 1 363
2658 1 853
9784 3 280
9698 4 600
2739 2 589
5239 5 491
1684 3 935
5630 1 331
3202 1 528
9135 4 673
1070 3 740
9956 5 640
8284 2 103
4096 4 326
8262 4 70
9297 3 299
8753 1 823
6119 3 771
1059 2 976
964 4 303
2992 1 890
6672 1 70
7345 1 709
7262 2 988
8025 4 625
5856 2 265
6975 1 932
7412 5 245
23 1 360
7989 5 299
8437 5 85
3597 4 866
8802 5 482
4466 4 179
5823 1 558
5283 4 384
973 3 797
7732 1 514
4288 5 973
8530 2 627
1436 4 699
6415 4 79
5105 5 87
4859 4 441
4005 1 644
7822 1 881
9215 5 777
1772 2 301
5108 4 548
9060 5 821
6359 1 344
4881 1 575
6755 4 998
6807 1 709
8625 3 629
434 3 456
6106 4 205
6886 5 954
5196 1 761
6264 3 982
1000 5 727
7419 4 811
3828 1 398
300 5 568
4372 1 575
9836 5 925
3541 2 56
3138 4 360
6000 1 975
890 4 975
561 4 700
5228 3 336
4345 5 32
801 2 684
6720 2 319
3749 3 791
53 4 278
7453 4 230
392 1 672
2771 1 414
4112 2 635
3310 4 407
2799 5 998
7938 5 372
2227 1 358
8049 3 828
1302 5 259
3527 4 26
1939 4 611
8511 1 690
3064 3 102
3682 5 466
5157 1 295
9912 1 844
2314 1 988
6640 4 38
7883 4 618
1840 2 386
4203 1 41
2197 1 134
6061 1 820
7466 4 289
4957 2 816
602 2 935
7112 1 835
4481 1 534
4628 2 387
9582 3 636
5680 5 145
1392 3 561
8539 1 261
5534 3 36
6133 5 57
727 1 383
7369 5 472
8091 5 986
8006 4 284
6434 1 276
4684 2 927
2731 3 231
1209 1 471
5568 3 873
4657 4 313
1107 2 167
3751 5 38
6069 3 477
82 2 817
3239 3 698
5879 3 562
1383 5 13
641 2 501
2218 3 822
8501 3 463
8554 4 736
7888 3 458
8738 3 269
3462 5 817
1941 3 953
4072 4 224
5241 2 673
25 1 242
3785 4 82
3847 2 730
1498 3 402
978 1 48
6224 4 784
5274 2 59
4315 1 435
491 4 541
5031 1 871
9946 5 759
1166 2 311
3531 3 842
4917 3 483
2212 4 822
9342 4 817
9023 2 839
5909 3 150
5028 4 3
4005 4 464
9319 2 106
475 5 473
2520 5 833
491 3 904
9668 2 418
6614 1 50
5132 1 325
4756 4 262
6847 2 808
7724 4 160
2889 5 56
9182 5 243
3949 1 831
6091 1 710
9405 2 661
7327 4 513
9454 3 548
2317 2 368
814 2 392
4395 5 411
3792 3 814
9432 3 85
1055 5 950
6131 2 485
9564 4 524
9147 3 662
6644 4 97
476 3 225
3396 4 967
7385 3 343
3021 4 556
855 2 944
899 5 935
1205 5 146
1514 2 295
1759 5 189
8105 4 206
5107 5 772
2522 5 353
5222 2 93
2215 5 222
8471 3 806
5950 4 794
8079 5 997
7589 5 973
3208 5 243
5148 5 587
393 2 879
1862 4 415
8416 3 373
4714 4 409
8567 1 289
7242 1 80
5005 4 591
4703 5 596
8324 3 351
1996 1 856
6409 5 379
8819 5 591
1674 3 260
6809 3 529
1670 3 286
4118 3 243
420 5 46
6092 2 526
3726 5 293
9996 3 779
6533 4 875
1641 3 980
424 1 653
8461 3 4
5447 5 168
4381 2 254
9308 3 35
6664 1 106
9430 2 382
2328 1 823
9128 3 390
8856 2 901
1443 4 269
4399 1 774
1536 1 371
9965 1 567
9203 3 296
5056 2 789
5386 2 481
9485 1 85
8319 3 977
1378 1 19
9441 1 96
4254 2 615
1830 1 196
8832 2 452
4252 4 765
5300 4 804
3930 5 471
714 3 538
151 1 68
2836 2 500
4490 2 364
7721 2 913
177 5 669
7011 1 240
6125 4 432
2831 1 224
8455 4 639
4179 3 120
8127 3 934
2549 3 287
2036 4 511
2463 2 374
4466 3 174
4586 3 517
6044 2 593
7891 5 903
1877 1 318
5375 3 243
4277 5 356
3093 4 948
2882 3 445
6390 2 120
7202 3 396
4319 5 828
4507 1 176
6841 2 937
9816 3 991
9253 5 977
1663 4 52
9351 5 160
4688 1 318
1390 4 413
4398 5 578
4743 1 663
6014 4 949
9791 4 587
6430 5 708
4060 2 231
9297 3 12
8142 5 662
5395 2 313
1058 4 773
883 1 695
7026 5 956
2351 3 93
1577 5 220
5455 2 514
3684 2 955
4257 4 186
7642 3 126
3503 5 62
5450 1 576
2993 2 331
975 3 582
880 3 342
6065 2 138
3177 5 776
8947 2 782
4840 5 813
1044 1 356
6334 5 586
1459 5 472
4016 1 184
3750 4 477
5508 5 260
9942 1 883
264 5 6
7669 2 710
9236 5 607
5727 1 468
6856 4 416
8352 1 161
5304 3 437
5150 5 743
1915 3 493
6832 3 230
5497 5 991
6824 3 908
2151 1 637
1331 1 243
5840 3 150
3150 4 842
2959 2 413
471 1 229
7489 2 583
721 3 517
9202 5 613
8007 2 693
3757 3 335
5999 5 291
1825 3 735
9796 2 314
1495 4 374
6428 1 413
6400 1 536
3954 5 539
7661 5 488
1050 1 646
2328 3 404
4887 2 304
974 1 97
8391 2 804
4588 5 541
1455 5 263
3441 3 201
2078 2 808
1784 3 902
8084 3 732
7922 2 387
6677 5 983
6544 5 721
7298 2 971
5875 5 659
728 2 72
9921 4 675
1171 4 515
7347 2 431
2805 2 878
3630 2 60
7611 3 469
4207 2 227
9032 3 378
8724 1 291
8920 2 260
6576 3 80
2797 1 730
4672 2 896
179 4 80
4977 2 823
7592 5 516
6022 4 405
7873 4 724
9784 4 132
6514 5 552
961 1 248
9973 4 727
6573 5 738
4819 3 452
6605 4 202
1311 4 825
1983 1 591
4591 1 509
3921 2 443
3539 5 681
4082 5 150
6068 3 743
6664 3 125
1623 1 475
6019 4 677
2461 4 800
1135 5 864
4597 1 632
8470 4 788
154 3 830
6696 5 401
5520 1 394
4015 4 356
3968 4 967
4222 2 761
3701 2 652
1740 1 537
2699 2 384
6593 4 579
2959 2 134
3197 3 141
7767 4 74
7842 4 597
3160 3 431
7 3 390
2204 4 901
5654 5 703
734 4 910
6427 5 363
4252 2 713
319 5 79
5820 1 668
9254 5 463
7964 1 373
9125 3 946
8939 2 351
7882 1 541
4423 4 379
720 2 815
4370 1 275
121 4 593
655 5 914
3887 4 225
2568 1 955
2639 2 369
5720 1 778
7645 4 467
2811 3 815
2161 4 188
5555 5 66
2553 2 480
6339 3 598
3444 4 622
3806 3 755
7276 5 960
8974 5 931
8555 2 767
236 5 52
953 5 155
4665 3 466
1666 1 409
1370 2 352
7691 2 340
9206 5 817
2671 5 679
3153 1 107
6355 3 203
8931 2 986
57 3 577
6450 5 183
7312 1 707
5544 4 426
1729 3 52
5027 1 465
6601 4 738
2181 1 632
64 1 420
7614 3 600
9569 3 755
4502 3 29
256 5 458
6067 2 559
4205 5 481
8224 3 556
6573 3 206
1535 2 163
8241 1 95
671 1 179
4239 4 543
1046 5 322
7090 4 518
7990 2 679
5771 3 231
2598 2 310
2437 5 481
469 5 955
9815 1 13
356 1 176
7214 2 885
1318 5 389
6695 2 269
7766 4 460
9704 3 802
3450 4 798
1804 1 593
3235 2 912
8574 3 313
2849 1 837
7716 4 249
1002 4 354
5879 4 132
5994 2 522
8432 1 567
9092 2 204
3851 1 106
5877 2 342
1189 3 860
3177 5 405
3863 1 595
5732 3 725
3929 5 939
2029 3 659
8833 3 282
4111 2 286
7445 5 330
4819 4 64
1602 2 602
3577 2 25
3162 3 340
2706 3 938
3730 1 169
7779 1 194
7268 3 728
5398 1 841
6251 4 60
5459 5 435
9602 5 255
2238 4 576
4560 2 16
306 4 370
8298 3 979
3651 3 59
6617 5 133
4265 5 755
5116 4 5
2660 5 128
6366 5 924
2602 2 272
5751 4 512
5219 3 208
7952 5 62
7794 3 340
5195 5 819
3837 1 901
9196 2 532
8186 1 484
2687 5 281
6314 5 286
7384 2 913
3937 2 391
4344 5 566
5630 3 378
5103 5 759
8285 2 615
3465 3 286
1657 2 898
3215 4 172
759 4 295
6030 4 549
7514 3 399
7426 4 820
7890 1 340
8484 5 414
4703 5 560
4551 5 17
5964 5 772
1302 4 19
4672 5 596
281 2 359
7171 2 883
2688 4 255
5610 1 406
712 5 163
139 4 84
1811 3 468
919 5 200
8043 1 808
6122 5 929
9745 1 668
5600 1 95
7776 4 253
6652 2 15
4296 5 461
2143 5 136
8496 1 446
9282 3 554
5690 3 72
3765 5 719
8746 2 953
1084 2 13
7503 1 235
6116 2 970
9431 3 881
2220 4 624
1456 5 723
7305 5 783
4645 4 609
3983 3 637
