162
307 1 177
7464 3 495
6432 3 871
4184 3 491
2419 2 241
5937 3 175
891 3 705
9397 4 630
4972 1 802
6803 3 730
5609 5 326
9533 2 547
3938 1 984
7506 4 843
4967 1 764
6231 2 658
1650 1 943
7472 4 109
8732 3 746
7462 5 431
2227 5 67
1166 5 771
4283 3 970
8247 4 27
6736 3 49
5872 5 406
5075 1 603
4093 1 258
3973 4 598
529 2 505
5604 4 85
8207 5 863
7764 4 978
2014 5 546
8721 4 110
7886 4 861
2205 1 362
5726 2 494
9573 4 265
1993 3 691
4043 3 184
8364 5 590
4079 1 715
9071 2 374
9673 2 119
3213 3 860
30 3 470
1076 2 503
4817 5 230
276 3 896
1049 1 425
6733 5 317
3067 5 543
6295 5 265
9355 4 458
2683 1 769
8848 4 523
5290 1 776
2084 2 40
9359 1 865
3535 3 477
7839 1 718
5503 3 179
6670 1 430
7330 4 366
6621 4 315
3485 5 977
8952 4 930
707 4 170
6098 3 944
4278 4 762
3451 2 807
7129 2 856
3153 4 235
4616 3 526
5457 4 92
5420 2 31
7813 2 642
9421 1 420
1186 2 930
5167 2 686
4560 4 16
4687 4 234
998 3 558
1332 5 554
5961 3 216
5450 3 701
9791 1 240
9176 2 474
3332 5 894
4594 3 153
7322 1 757
5023 3 166
1506 5 512
6827 3 944
1931 2 338
9249 4 25
9658 5 687
5210 4 933
4898 4 133
4624 4 66
943 4 768
7023 5 924
199 1 826
9962 4 436
702 4 45
7733 4 578
71 1 558
1646 1 847
3379 2 637
3964 4 925
6936 3 669
1321 3 655
3597 3 251
1384 4 499
8964 1 992
588 5 550
1465 5 996
8858 5 39
5531 3 889
3942 4 790
1578 2 920
5333 3 944
3370 3 400
8815 3 438
8711 2 360
3314 5 443
2408 2 279
7645 2 113
8516 1 948
9655 1 372
5968 3 713
9914 2 50
4299 3 352
9390 3 547
8409 1 849
1553 5 194
8266 3 947
415 3 828
6660 5 721
7132 3 400
7291 2 210
6614 3 812
2748 4 451
9455 4 764
4179 1 589
9951 4 175
4357 5 4
2215 2 385
6124 1 699
2903 5 324
1378 5 989
6955 1 913
5690 4 2
2348 4 809
2463 4 975
5117 3 221
4570 3 675
210 3 893
9760 3 690
2187 3 540
7561 1 766
5611 2 787
5569 3 490
8639 5 71
2248 3 589
3416 3 864
7552 3 481
6686 3 878
1227 3 232
9123 2 631
6748 4 648
1358 2 624
7544 4 439
7919 4 261
2775 4 340
7746 5 130
7801 5 10
3459 3 755
2249 1 462
9815 1 974
2282 1 358
9403 2 284
7235 4 255
2629 1 327
2680 3 909
3601 2 378
1730 2 403
4400 1 377
5088 2 892
7231 4 708
6992 3 987
2986 1 313
6310 1 134
3781 1 905
6199 3 791
9116 3 76
872 5 546
2208 3 58
2267 5 846
4104 2 524
2543 2 16
1352 3 305
9992 2 632
1785 1 719
4223 3 577
1793 2 195
9333 2 722
871 4 125
4260 3 898
5034 4 110
4246 2 827
8668 4 793
7430 5 245
9297 1 777
2863 1 965
5651 3 887
1501 3 179
7149 1 685
9927 5 760
7428 4 720
1621 2 47
3813 2 125
703 5 955
1388 1 408
927 2 350
6439 5 680
9513 5 987
8290 5 836
8239 4 266
112 2 210
2199 2 879
1091 2 559
3189 4 879
6891 5 803
5457 3 227
7958 4 467
5697 4 272
9355 4 64
2289 2 740
7632 5 959
7813 1 774
967 3 375
4681 1 333
6009 4 646
6309 1 806
4802 1 370
6097 1 28
923 2 788
9454 5 308
1519 3 99
8439 3 646
9014 5 37
8675 2 742
2759 1 938
2901 4 358
3821 3 891
8663 4 743
5002 4 57
8804 3 794
3200 1 990
6283 4 388
2056 1 648
9931 5 372
3175 3 606
9719 1 142
8430 4 914
5966 4 407
374 5 691
4627 3 35
3722 1 373
1627 3 725
4774 3 699
6025 2 62
3768 4 455
4213 5 360
2227 4 871
1565 1 943
9388 1 226
4766 3 608
6487 1 530
3458 4 706
1150 1 863
6002 4 286
6120 3 265
2528 3 621
6225 1 417
9198 1 124
1933 5 103
1279 2 345
8960 4 837
3205 3 606
8766 1 404
1262 5 681
3685 2 877
8960 5 515
4748 4 295
6661 3 107
298 4 656
9054 1 827
2108 5 561
5430 4 409
9401 1 178
2164 5 984
136 4 726
7825 4 586
8417 3 722
7430 4 406
8115 2 195
7473 4 510
1211 5 673
7670 4 855
1322 4 912
2649 4 123
4981 1 818
6291 4 570
9081 5 370
3159 3 184
6652 4 240
4244 3 494
129 2 66
2343 5 649
1773 3 418
4212 4 646
