947
2486 1 779
2307 5 177
9854 3 724
725 2 2
6862 2 992
8338 5 274
8371 4 691
8660 3 371
6426 3 215
3760 4 384
5056 4 901
9626 5 810
8734 5 951
1451 1 158
4468 3 442
3872 4 222
108 5 789
4516 3 634
6320 2 335
497 4 793
5048 4 723
2672 5 927
5889 3 337
5274 5 938
9278 5 429
5770 5 834
9738 5 628
139 5 843
7132 4 518
4834 3 200
7792 4 535
8122 5 403
8323 5 842
3866 2 158
8319 1 10
6419 5 266
7038 2 786
3245 5 221
9767 2 413
3636 5 348
3462 1 674
9987 5 15
2051 2 774
8487 5 185
7577 3 181
1177 3 901
7592 4 341
6580 1 865
6376 1 262
1804 2 86
9089 2 951
4144 1 988
3812 1 489
4748 1 561
4629 4 175
9078 2 930
1315 2 913
5130 1 595
7712 2 580
906 3 819
6830 5 498
4314 4 766
2654 2 939
2574 1 970
3163 1 442
5545 5 484
7961 5 947
834 1 48
3930 4 63
3786 4 15
9003 5 607
9482 3 511
4004 2 793
8589 3 811
8026 4 654
9199 4 567
16 5 209
4643 3 347
1146 4 448
9064 3 798
876 2 301
2827 3 524
4913 4 672
2340 2 314
5371 2 60
6957 5 66
2112 1 410
2665 3 787
9480 2 927
3035 4 808
7938 4 78
9488 2 505
4287 1 163
1548 2 816
5636 5 833
829 1 345
7426 3 542
5905 5 778
922 1 701
8330 5 904
3780 5 221
7619 3 310
2296 2 952
3701 1 353
59 1 482
8768 2 181
9465 2 107
3300 4 405
1091 3 638
9325 3 755
5779 4 322
6871 1 677
7432 4 863
2431 1 685
2717 1 494
2328 5 4
7427 1 902
2918 1 219
8535 3 582
1290 1 967
9027 4 870
4359 2 627
3758 1 36
3375 2 520
1002 5 721
1530 1 739
2423 4 458
1799 1 561
4517 4 29
6268 2 39
5554 1 661
3008 1 346
9091 3 296
7404 4 993
6468 5 23
2459 4 169
9042 3 413
816 1 162
6807 1 480
9380 2 136
2425 4 686
4255 5 930
1010 3 236
4296 4 27
3885 3 245
4892 2 910
4182 3 465
9142 5 779
3312 4 760
4389 4 848
8459 2 922
291 1 457
1640 4 180
2014 4 502
6675 3 100
8139 1 672
5585 4 143
1876 3 414
6930 1 797
6858 3 498
6542 3 915
6607 3 897
4242 4 858
4055 5 214
8897 1 721
988 4 318
1937 5 521
5658 3 215
3592 4 830
4814 4 994
9511 1 552
8866 2 336
3875 4 922
3372 2 361
8926 5 780
9268 4 728
3551 1 790
4589 2 498
5949 1 941
9930 4 114
9371 4 581
2447 5 575
8553 1 266
117 4 149
8776 4 826
7870 3 662
3653 4 356
3756 4 828
395 5 747
8016 2 348
7195 5 585
2321 4 790
2436 2 88
7310 2 666
3700 2 760
2881 3 196
5587 2 56
9159 2 34
102 5 276
8374 3 541
9286 4 858
1309 4 668
904 3 261
4650 1 492
7384 3 538
5856 3 106
9241 5 516
2706 3 359
7921 5 115
4681 2 422
6528 3 803
3617 5 408
2444 2 636
3308 2 486
3899 2 384
6026 1 780
1230 4 388
6477 2 441
5936 1 505
2696 5 81
4307 1 133
4862 4 235
776 1 566
5655 2 136
2810 2 695
3141 5 981
8873 4 897
9343 4 652
8657 1 504
2608 2 166
4202 3 882
7862 4 553
9661 2 785
8057 5 222
7689 3 894
5549 4 290
9389 4 375
3506 5 230
484 5 218
7809 3 46
7972 1 64
4215 1 862
1060 5 559
4828 1 108
4237 3 589
9786 3 401
9894 1 496
2467 1 32
1938 4 948
6816 3 746
8459 3 978
5255 3 367
3786 4 834
6207 2 603
6334 5 535
4920 1 758
586 3 128
6942 5 788
9159 1 331
5099 2 74
8810 3 490
3234 1 876
4100 2 399
5870 4 348
4580 2 736
815 5 192
316 4 708
2897 2 398
9324 3 668
8428 5 500
6779 4 474
3459 2 115
5412 2 69
804 2 70
476 1 789
8762 2 524
6077 4 30
2283 5 975
1100 2 316
1869 3 396
2118 3 265
1297 1 307
7671 4 927
6234 3 884
1601 2 631
1447 4 675
7158 2 862
8481 5 995
1102 4 670
3355 4 592
6398 5 343
8423 2 232
6029 1 678
2001 3 996
959 5 962
7472 3 939
2686 1 322
7718 4 54
3431 4 671
3786 5 39
6600 5 228
8277 5 54
5055 2 137
9610 3 379
2270 2 437
4832 1 65
1671 1 435
2224 1 275
6452 2 703
158 1 886
5103 5 5
4201 2 851
58 2 931
9774 2 539
6867 3 167
7820 5 580
7014 5 615
4469 1 300
6060 5 665
4670 4 41
6407 3 737
8701 2 220
5256 2 119
9986 1 136
960 4 931
3045 5 350
6600 2 669
4551 3 276
3767 3 622
4226 2 47
1332 2 780
2165 2 672
8895 3 654
3714 3 769
3943 4 621
1292 5 974
9509 2 379
4048 4 777
6424 1 902
8941 2 850
6323 1 657
6718 4 37
291 1 289
3177 5 700
1726 5 505
9218 3 461
3292 5 677
6667 5 702
2892 1 234
8229 1 834
5905 2 864
9034 4 354
3227 5 848
6557 3 30
3099 1 189
3108 2 606
7256 1 662
1704 5 154
3117 3 599
5285 3 201
8492 1 670
9972 2 356
5663 2 611
7936 5 404
8291 3 62
6236 4 13
3596 3 415
1982 1 375
871 1 577
7019 1 791
6265 1 580
8425 2 653
2085 3 688
1302 1 345
3432 1 597
5534 4 836
5008 1 141
5759 3 678
7267 5 161
5156 2 153
9577 1 385
8107 2 888
7638 2 590
8748 3 446
3033 5 359
5478 1 147
799 1 167
5875 4 770
3235 3 449
2580 5 748
9819 1 328
4520 5 197
8441 4 574
9478 1 418
6455 3 311
7193 5 428
3982 4 598
5284 2 742
7286 2 174
5521 3 982
2927 5 836
2279 4 333
2537 2 115
6089 3 399
9627 3 337
3487 3 371
1260 4 960
5881 5 80
2115 2 203
9225 4 223
8481 4 506
7321 3 608
2185 3 682
740 4 192
7739 5 671
5548 1 666
1441 1 855
2605 4 491
2244 2 882
3298 1 39
3449 3 254
3096 3 825
4653 3 779
9280 4 114
9445 5 669
9008 5 95
3508 3 517
951 4 103
7469 1 872
9566 4 244
2571 3 564
168 2 93
5850 3 200
8111 2 567
6559 5 54
7271 3 838
8353 2 379
3517 2 959
5735 4 40
4355 1 427
8323 4 719
9216 2 813
3250 4 146
937 1 687
4610 2 441
5923 5 996
2232 3 757
361 4 678
5312 2 47
4456 4 604
3589 4 454
1621 1 520
2881 4 442
453 3 43
6400 5 934
4911 5 692
6475 3 158
6431 1 391
306 2 82
6297 3 873
5232 1 960
3487 3 633
8957 4 942
584 4 940
3146 2 777
8753 2 105
8051 5 110
3851 5 107
1315 3 756
7641 1 677
6926 2 840
873 3 18
3527 2 237
9737 3 750
6504 3 882
5232 1 328
7401 3 686
7085 4 741
5404 4 24
6678 2 693
8794 4 653
8459 2 601
1129 1 257
4515 3 639
811 2 133
6767 1 626
7516 3 850
820 5 230
8627 3 766
2221 4 891
4640 5 589
4943 5 104
9863 5 308
6555 4 768
6346 5 156
3521 2 834
4803 2 617
714 2 187
5185 2 296
1328 2 311
23 2 943
2096 1 132
3850 1 837
9992 4 392
5283 5 143
3093 1 81
7608 1 733
3798 3 116
9941 4 103
5308 2 57
4096 3 683
3395 2 493
9684 2 67
5218 1 269
271 5 683
4262 3 557
7911 2 648
8608 2 584
568 5 141
2276 4 168
7860 1 723
4671 1 205
4748 1 904
6316 2 757
1216 3 253
2009 2 438
7783 4 585
7212 3 289
2763 3 649
7090 4 269
7148 4 492
3016 2 886
6923 1 213
2628 5 189
1723 2 635
4194 1 469
3067 5 579
558 1 659
1331 4 51
4264 3 709
2462 1 574
3843 4 18
693 4 664
9595 4 671
4964 4 765
8845 1 382
6040 1 96
4234 5 560
1292 3 181
9564 5 895
8124 4 384
3707 4 947
7771 2 240
4725 3 175
647 3 580
196 1 455
5002 1 166
4981 4 566
7519 3 481
2781 2 395
2884 3 820
2291 5 619
523 2 430
2937 3 243
6970 5 951
2836 4 33
3110 2 632
4721 4 699
1234 1 981
1567 3 739
5877 4 250
4027 3 707
1120 1 789
7763 4 765
3940 2 353
9045 3 217
5537 4 972
6648 2 55
5279 1 524
8767 2 876
9651 3 653
4027 1 762
4499 2 202
6375 4 222
6840 5 415
708 4 145
9032 5 208
8615 1 311
3703 1 49
2083 4 460
5693 5 818
6043 1 663
194 4 683
1144 3 695
2270 5 743
7890 3 337
9735 4 926
6209 2 284
4160 3 240
8669 2 572
9358 5 213
4692 2 581
941 3 659
6692 2 905
6488 5 768
7333 2 371
32 2 208
8524 4 416
4183 2 164
2860 4 636
3068 3 238
5131 3 923
9631 2 752
1135 4 190
5460 4 726
3913 3 826
9575 2 694
3585 5 232
1937 3 990
9467 2 730
2217 5 12
2954 3 734
2996 1 527
6030 1 174
3165 1 538
6736 4 322
725 4 366
7452 3 759
1544 2 388
2838 5 223
1054 4 949
8817 3 592
3199 2 510
9980 2 249
1348 5 17
4959 4 741
706 5 466
6401 5 284
8621 5 132
9592 5 402
9559 1 404
9474 1 36
8112 4 31
2590 1 137
1291 3 458
9399 5 102
8439 3 451
2469 5 392
2615 5 59
2957 3 841
7528 1 285
3700 2 602
8811 3 225
3743 4 103
5176 5 556
1345 3 534
9846 1 288
9360 5 147
283 4 824
1485 4 827
4046 4 656
9868 5 570
8829 3 574
6591 1 238
5761 1 14
1892 5 289
1871 5 431
65 2 61
6551 1 740
2128 3 540
8894 1 495
4915 4 161
1500 1 177
643 3 113
8311 2 609
4442 3 63
4190 2 619
8269 2 550
2498 1 44
4385 1 978
5133 2 430
2683 5 542
4874 1 731
4194 2 339
2378 4 443
288 3 307
6201 5 570
3431 2 616
9691 4 804
9215 1 731
6047 2 98
2445 4 346
5578 3 725
339 2 425
28 2 645
1212 5 694
2666 2 873
4834 4 822
1894 5 635
7835 4 825
4694 2 773
1150 1 40
3101 3 120
8228 3 44
6934 3 181
8634 2 640
6662 3 36
6943 3 172
4406 2 393
8551 1 119
3239 2 699
1840 4 669
8207 1 748
518 1 356
792 3 679
1952 5 189
4167 3 563
723 2 953
9284 2 702
6759 5 957
7545 4 568
816 4 808
6299 3 21
2056 1 861
4928 5 934
1920 1 782
5858 4 419
7694 2 403
9634 3 212
1960 2 700
566 1 767
6444 2 848
6423 1 608
9635 1 983
2897 2 79
1260 1 303
1205 4 219
193 2 709
3295 5 409
2437 5 861
3744 1 354
9419 1 716
9827 4 195
8815 2 12
7917 5 863
6960 2 688
4959 5 51
8516 5 871
8217 2 439
7236 5 192
473 2 81
885 4 97
5591 3 4
8913 4 939
4014 4 627
7442 3 541
1346 1 19
7948 3 338
5092 4 241
9812 4 672
3174 2 874
4968 5 774
6407 2 984
7274 4 114
5255 4 798
5639 3 755
5375 4 130
1523 4 330
8351 3 288
3349 2 216
2700 4 864
4485 1 420
7708 2 43
4094 2 720
9787 3 142
2030 4 504
2236 3 571
9389 5 108
8058 3 526
4066 2 532
4601 5 116
2352 2 848
643 3 951
5167 5 58
96 2 986
5378 2 521
9098 4 565
3813 4 562
5823 4 210
5480 5 520
6117 2 384
1464 3 140
1206 5 216
5611 3 799
967 2 648
129 1 63
9189 1 655
2795 5 807
6567 5 923
8147 1 874
7410 3 651
1656 2 634
710 1 55
9099 5 590
9058 5 849
2336 2 647
4241 5 826
5581 4 787
6648 2 556
6571 4 955
9167 5 8
5536 4 817
292 3 568
1409 4 339
9757 3 468
9729 5 378
6865 1 145
7056 1 34
1952 4 647
5656 3 243
8840 3 721
7590 5 775
7951 4 690
1673 2 371
7157 4 735
4729 4 690
662 5 568
6321 5 906
1780 5 374
7662 3 179
1506 5 467
9877 2 117
9854 2 581
980 1 487
4993 3 831
5957 3 271
5065 1 970
8617 5 685
537 2 707
2432 3 786
2198 1 581
104 2 466
8327 3 466
5690 4 434
2398 2 796
7073 3 975
4315 2 871
2991 1 166
990 3 667
7056 4 385
3774 1 949
9680 4 200
5513 5 649
8632 2 668
7030 1 612
6468 5 515
8852 5 798
2932 3 452
4600 1 277
3638 4 820
9016 3 986
820 5 451
2729 5 751
4634 5 721
1748 3 437
4852 3 305
3906 4 504
3338 2 858
1658 1 744
636 5 415
5802 2 208
9891 2 25
3030 1 314
4842 1 443
3621 5 488
6254 2 820
624 2 651
9981 5 603
333 1 245
3159 5 862
3507 4 592
5404 1 345
1597 3 772
5464 4 238
9947 1 954
1635 5 677
2621 5 330
5137 1 123
9533 3 156
726 3 893
492 3 720
3175 2 414
7944 4 293
7995 4 388
7359 5 164
9042 1 741
2517 1 535
1225 5 499
8757 2 340
2794 4 534
1741 2 73
7757 2 701
8811 5 595
5188 1 916
5431 4 791
6228 2 678
547 2 536
3165 5 979
9996 3 323
7266 2 876
1363 1 762
8861 1 150
4805 3 732
1154 1 635
4601 5 240
3821 4 15
3969 1 837
4090 2 529
6972 2 89
7643 5 441
5353 1 838
6315 3 226
4483 4 173
1089 5 165
9825 5 528
33 5 134
4026 4 794
7689 4 586
4195 4 351
9629 3 180
2567 4 13
6642 3 554
9753 4 402
9340 3 20
7429 5 20
8641 4 144
4784 4 499
9308 2 673
3476 5 223
1916 2 828
6811 3 296
6353 2 282
5503 3 575
955 1 763
8031 5 854
6623 2 431
173 5 279
9665 1 493
3753 5 605
9605 1 252
6797 1 630
9042 4 197
2236 4 766
2503 3 451
5853 5 292
3756 3 595
4485 3 615
8451 4 662
6152 5 819
1570 3 470
6586 5 865
9192 2 118
4837 4 819
3728 5 688
4749 2 673
5767 3 443
4085 5 583
2803 5 515
4317 2 889
9985 5 911
2246 3 458
8394 5 356
2747 3 274
3575 2 294
3047 3 325
1102 1 677
9168 1 131
649 3 327
1819 3 294
1810 1 330
6141 5 879
5456 5 447
7372 5 200
6750 5 312
8681 5 410
8163 3 461
1234 1 610
7141 1 397
1977 2 280
4404 2 755
3585 2 117
1961 2 768
5481 1 729
6092 5 889
4095 3 120
3139 2 64
8739 4 899
4385 2 279
7363 2 545
3982 4 473
1017 2 285
1828 3 120
3063 4 683
2537 3 46
8033 2 773
8347 2 367
6441 3 803
1055 4 82
1635 4 844
3523 1 701
1278 5 443
7669 4 413
328 1 954
5878 1 558
9359 2 378
5380 2 985
5369 2 721
1594 2 102
5811 3 705
5916 2 913
7604 2 559
9253 5 772
5804 4 334
6835 1 258
1935 5 67
4812 1 518
1535 3 159
2630 3 908
5467 1 530
5618 1 657
6631 5 952
139 3 928
673 2 455
1346 1 948
1197 5 937
5109 1 320
7757 5 345
817 4 575
6068 1 902
7074 4 191
7168 3 595
9292 5 14
3102 4 311
55 3 55
3422 2 689
1498 5 302
9600 3 762
5094 4 515
3009 3 118
5385 2 287
673 4 752
7098 4 225
4892 3 434
9168 5 971
5951 2 176
9275 2 446
6902 2 875
9762 5 530
3382 3 835
1293 3 222
4886 1 735
2117 1 610
4008 3 854
4546 3 207
6939 5 804
214 5 585
7113 5 217
6145 3 510
8121 4 970
5184 2 847
230 5 598
6386 2 925
5910 3 463
8472 2 593
5973 1 432
2136 5 967
5787 1 526
3426 5 126
6452 1 572
5739 4 509
8709 2 688
6179 2 901
1342 5 551
1100 4 408
3004 1 965
5959 3 601
9725 1 910
2641 1 665
9814 4 119
8228 4 879
4160 3 463
74 2 912
8353 3 582
9044 5 408
1027 5 579
2406 4 819
4971 3 332
8964 4 999
8605 3 953
7109 3 911
5896 2 527
7403 2 351
5532 5 777
9651 5 338
6043 1 208
4978 1 472
9697 4 855
4306 5 399
9098 3 332
2683 4 802
8655 1 417
3845 1 143
6629 5 253
3168 3 791
6632 4 158
6461 1 992
2160 2 10
6897 4 375
5449 3 727
3595 5 267
6936 4 462
2341 3 305
6121 2 196
6179 1 909
1718 3 40
5999 5 386
2279 3 15
4125 2 796
4215 5 823
5461 5 157
1497 5 529
32 3 915
5789 1 523
4157 2 827
4445 1 854
3695 3 584
2392 3 926
2449 2 949
8771 3 627
8956 4 52
3715 1 543
6852 2 474
7787 2 490
4069 1 489
1338 5 579
3481 1 845
4501 2 238
7432 4 897
1314 4 459
5792 1 531
5671 3 55
8684 4 188
620 2 253
1203 3 769
6424 4 674
2220 1 350
3450 5 811
4932 4 92
7129 3 293
4787 3 363
7163 3 372
9630 5 923
8425 4 277
642 5 683
516 4 122
8815 1 994
5872 3 965
9421 2 2
4428 2 86
8821 1 639
2777 5 80
7669 3 810
2739 3 326
9762 1 397
2032 1 953
409 5 285
3538 4 110
713 5 59
2890 2 396
3854 5 941
8821 2 251
2083 3 940
6857 1 760
3028 2 869
3282 2 739
851 4 833
513 3 262
2826 4 971
5845 3 359
2740 2 128
6263 1 311
8986 1 325
666 1 797
8072 3 212
2223 4 255
2255 1 343
9131 5 887
5127 3 801
7666 5 420
535 4 75
5732 2 793
3794 1 168
3014 1 753
267 3 912
9495 4 675
2176 5 864
4460 4 941
2627 2 762
3706 2 215
9131 3 126
9481 1 922
4909 3 646
1119 4 75
7130 2 496
742 1 450
3387 3 974
5384 3 637
1520 1 847
469 4 14
4127 2 142
4381 5 2
925 3 779
3380 2 590
6022 3 145
4269 3 779
4213 2 130
7593 1 522
5042 3 9
5748 4 863
5298 4 715
5137 5 132
962 3 988
7317 3 692
5440 5 819
7361 5 406
6836 3 449
3016 4 204
2078 3 401
8359 4 266
8069 1 934
6229 3 60
6717 2 17
5234 1 396
7139 2 377
4259 2 659
1285 5 541
5867 5 293
3419 2 24
9660 4 822
4681 1 987
3088 5 278
5249 2 650
8925 3 218
3480 1 587
9891 2 852
1980 4 519
6486 4 85
8078 5 947
7634 2 348
2355 5 248
8124 1 429
3540 4 25
6935 2 15
8170 1 972
4817 2 900
7399 2 179
3790 1 338
7551 2 807
2407 2 537
2514 4 377
8679 4 433
8727 1 622
3079 5 657
6531 4 730
6594 2 110
3068 5 862
9691 2 437
1442 2 805
7823 3 194
8974 2 237
9873 2 246
9677 1 408
6378 5 446
1685 1 52
1798 5 479
1245 1 700
3063 4 440
5382 5 634
4933 1 751
3107 2 890
2240 2 541
3720 3 895
1579 1 212
7768 3 572
9573 4 725
8615 3 799
2815 5 527
8156 3 904
8396 2 665
8877 4 58
6074 1 833
9236 1 846
966 1 306
4268 1 827
3218 5 93
6775 3 881
3130 3 419
6278 2 855
5391 3 459
3907 5 395
7778 4 932
8157 4 798
1876 1 126
5678 2 252
430 1 921
576 4 145
7753 1 420
8964 1 660
2676 1 345
827 5 104
8211 1 562
7537 5 500
6740 5 614
5257 1 58
5704 3 293
4008 5 531
7524 5 587
1729 5 407
9924 4 729
6014 5 814
8093 2 552
428 5 534
6224 2 174
9686 5 651
7214 5 15
8090 4 411
6132 5 338
8716 3 310
2866 3 413
1441 1 564
5536 4 314
7219 4 737
3918 2 648
7714 2 32
4982 3 632
8279 3 561
704 4 47
830 2 43
7264 1 428
9016 4 458
1966 2 96
4603 2 971
72 2 562
4554 5 53
9027 1 622
2292 2 834
4180 4 419
2431 2 149
8795 4 280
1168 3 876
7961 4 99
527 4 22
5878 3 739
6218 3 248
4109 5 966
2359 4 829
3283 1 418
4926 2 246
5682 3 442
7746 1 565
2629 3 458
4451 4 71
1933 2 496
5523 3 523
1648 4 656
5598 5 621
981 2 684
9446 5 744
6453 5 225
9265 5 272
5972 4 65
9111 2 349
2076 3 798
8826 4 33
2068 2 998
4496 2 550
4168 5 68
8140 1 76
1861 4 136
7277 1 771
8962 1 591
2991 5 256
2757 4 724
9455 1 800
3239 3 736
971 5 672
5414 1 695
2421 2 64
9682 1 572
7028 2 858
869 3 55
2778 5 301
2032 4 647
3338 3 101
9412 3 599
6935 2 885
1752 3 590
1189 4 114
7363 2 208
7955 4 352
8288 2 763
8654 5 298
4881 1 359
6655 3 705
6105 3 912
8934 5 983
3031 4 985
1258 5 275
3149 1 208
1216 4 897
829 1 888
3638 5 143
5092 2 745
2483 4 494
8491 1 603
1755 4 107
1707 4 571
8780 4 941
1091 2 244
1835 3 604
7916 4 950
9221 3 600
725 5 628
7632 2 160
2530 3 358
2859 5 504
3942 4 542
5813 5 354
8360 1 714
605 5 770
5728 1 825
5667 3 817
3073 2 839
6676 5 217
2392 1 796
963 3 502
6002 1 251
443 1 220
7663 4 487
4451 4 222
746 4 674
8564 2 124
2405 3 952
5933 3 501
7243 2 451
4256 5 760
1928 2 800
1097 4 932
4684 2 393
3396 4 109
1069 4 914
1513 3 222
3120 3 383
6641 4 680
4910 2 200
9554 1 246
7135 5 124
4761 5 303
7907 4 949
1473 4 868
9617 3 235
4716 1 819
3670 2 779
8772 3 883
7057 3 400
7954 5 375
8248 5 956
3731 1 458
1873 1 548
366 4 807
305 3 677
8082 2 343
6402 1 286
4127 3 80
2586 1 752
6025 4 748
493 4 204
1592 4 938
130 1 210
4008 2 167
5539 1 418
5799 2 531
3306 3 952
2180 4 402
188 3 990
3425 1 928
2193 3 954
9978 3 822
7805 2 923
1593 4 37
7828 1 937
4435 2 91
6471 4 121
6673 4 982
4808 1 47
4344 2 214
3999 4 306
3682 4 912
5899 3 789
7440 5 440
7532 2 160
2070 1 618
5266 2 300
134 4 437
5937 5 942
5840 2 776
3339 1 592
3681 5 795
5232 1 857
599 5 439
6209 3 497
3335 5 30
664 2 123
9515 3 846
7887 5 929
2123 4 417
2926 2 786
1284 2 437
7707 1 550
6752 2 760
1001 3 252
652 4 756
2836 5 539
9711 3 850
4640 4 465
9672 4 567
8111 4 594
4755 2 107
7446 1 589
757 2 123
6889 5 568
1148 5 379
5657 5 92
8687 2 648
1573 4 954
8346 3 789
1390 1 503
8383 3 309
9614 5 419
8468 1 719
2524 1 949
786 5 832
6391 4 338
7367 3 273
9596 3 107
4944 4 365
8070 1 177
9348 4 969
2635 4 316
9698 1 505
1838 5 703
2013 5 393
3548 2 32
8806 2 161
5126 5 785
1622 2 997
7057 1 90
1926 1 793
7921 2 994
8849 5 384
5710 2 916
1964 1 958
148 1 685
3072 3 159
2930 3 839
3675 1 658
9758 3 716
335 4 792
6372 2 311
9418 2 923
1962 5 795
892 5 473
4541 4 907
809 5 167
2376 3 52
193 2 550
5312 3 75
2327 2 6
8224 2 867
9396 5 892
1656 2 723
3408 1 606
325 4 765
562 5 165
6501 1 61
8724 2 66
5886 2 168
7763 3 626
3740 1 665
699 1 101
5187 3 296
5397 4 243
9868 1 320
6722 4 92
9483 1 694
6306 4 84
2476 2 499
7025 4 122
1151 3 981
9020 5 958
7868 1 210
3576 3 87
4356 2 644
1165 2 44
7314 4 161
2530 3 456
1916 4 917
8400 5 794
8786 3 966
1349 4 759
7283 2 720
3575 5 682
2176 3 492
5850 2 81
2547 4 936
7415 5 597
8622 5 638
2716 3 572
6915 1 828
5709 2 924
9326 1 38
7138 3 996
5633 4 466
2604 2 391
3437 3 870
2173 4 139
6296 5 794
579 1 518
1765 1 897
6806 5 395
7222 4 839
6917 2 284
9812 4 377
2688 5 44
3013 1 623
3431 2 757
6984 3 43
1562 3 228
6377 1 447
2244 4 643
9906 3 429
6038 3 29
6341 2 963
5311 4 123
1896 4 475
2256 1 398
7124 2 413
7085 5 774
2157 5 838
8933 2 661
5225 2 186
1838 5 315
4369 5 399
9727 3 649
6755 1 90
3035 1 900
3802 5 475
5177 1 140
7392 2 286
1684 3 205
6431 2 839
7958 1 441
3130 5 324
8175 4 186
7980 5 472
9103 4 402
9479 4 917
6550 2 305
9693 1 921
4828 2 970
9952 2 646
8391 3 842
6422 2 316
7682 5 929
5261 5 571
7420 1 677
4189 1 851
4510 3 465
5944 1 150
1348 3 952
4322 4 878
7160 4 320
2415 3 427
9066 1 919
9445 4 444
9909 3 358
9047 1 638
5422 4 990
3194 5 142
7039 5 921
9110 1 372
1654 5 344
2555 2 217
718 3 976
4999 3 216
6154 5 204
6999 5 725
8691 2 90
9440 1 576
1871 4 776
6746 1 85
7420 3 507
4257 4 668
6071 3 238
4351 4 321
848 3 635
1946 5 167
9650 5 402
735 3 603
2677 5 701
3919 2 452
4760 5 221
5032 2 664
7026 4 328
9065 1 371
8024 2 822
2605 3 67
8512 1 351
8803 2 657
235 1 234
2405 5 246
8331 5 260
591 1 278
961 3 151
5290 5 474
6710 1 992
307 4 663
2699 5 92
3008 3 70
9340 4 484
3970 3 295
2772 4 745
7904 4 743
5974 3 532
7168 4 664
2386 3 12
7363 3 901
6435 3 573
8905 3 554
8834 1 688
7157 5 905
4730 2 232
3135 2 900
5439 4 860
5537 2 685
7317 4 964
120 3 890
221 2 652
2544 1 144
6044 3 519
6730 3 103
5947 4 762
5978 3 217
7169 5 658
2372 1 889
1422 4 423
7798 1 870
8527 5 521
784 1 664
7050 1 436
3003 3 538
7439 4 106
2 1 395
1504 5 900
5976 4 689
2647 3 761
8901 4 135
9478 3 627
3666 2 64
2412 2 426
3457 5 60
7630 5 374
340 2 301
3947 1 448
5589 1 897
2937 1 123
8643 1 91
1427 4 916
8949 1 459
1251 3 938
5330 1 845
3477 5 789
154 1 559
9437 4 739
6875 5 568
5166 5 880
8927 1 265
9282 3 316
9376 3 202
3848 1 837
1361 4 476
710 3 806
9247 2 388
7514 5 643
2452 4 323
1727 4 366
7353 5 596
666 2 587
540 1 264
3917 3 970
111 4 463
4687 2 438
5889 4 318
5664 1 741
8358 1 972
3290 3 345
2572 5 198
5949 4 968
5364 2 905
3162 5 332
4067 3 10
3666 1 489
6905 4 838
7743 2 328
7689 2 632
2323 2 526
163 4 941
8264 4 317
1057 5 280
4879 1 573
8047 1 660
7927 5 144
6088 5 755
6585 5 693
6245 4 549
3612 1 12
6195 1 522
6825 2 455
7619 3 132
6567 1 216
4282 3 518
6268 2 233
664 3 352
7211 1 444
1028 2 185
9300 2 237
1759 4 724
3233 1 267
5083 1 511
3358 1 361
5867 2 882
1155 1 500
9304 5 64
7835 5 374
6930 1 923
8502 2 66
3917 5 606
524 3 589
1912 3 541
4804 2 252
3335 5 34
1701 3 589
3107 3 741
7677 1 77
8205 1 647
5668 4 35
252 2 445
856 4 428
8175 3 170
7793 3 141
5798 2 901
5553 5 566
3716 2 477
1864 5 520
8013 5 533
6558 4 737
8989 3 485
5571 1 255
433 3 722
7923 5 27
1314 2 145
8627 2 396
8436 4 673
5507 5 285
9411 4 638
5143 3 460
4707 2 351
9948 3 451
4287 1 639
5234 5 587
868 5 571
6795 1 115
9266 5 5
5368 4 217
