556
4487 1 970
9058 1 206
8159 3 662
7024 2 514
8027 1 811
1214 5 310
5599 1 106
9650 5 429
829 2 328
4605 3 106
5430 2 327
6114 5 171
9167 4 237
9515 3 788
7713 5 593
7357 1 357
7542 3 541
3916 5 884
5701 2 651
2750 3 575
3118 1 197
7380 1 448
9303 4 657
1074 4 329
2232 4 789
7829 3 68
9155 5 547
5840 4 976
2521 1 788
8691 3 463
1648 1 111
8281 1 75
5534 1 570
1228 4 651
5189 1 954
465 5 825
5109 2 198
8605 2 742
8705 2 190
9549 4 458
9437 4 493
6855 5 735
8889 4 646
4033 2 751
7988 3 250
3616 1 874
3410 2 836
9665 5 936
6344 4 57
4661 3 434
3373 4 114
403 4 922
8400 4 161
382 3 229
1775 5 955
8822 5 146
3826 4 627
5908 1 914
3120 4 963
9245 2 924
7411 2 676
2096 2 300
6010 4 238
8832 1 231
9706 5 488
3896 4 209
1531 5 13
566 5 890
6067 5 256
1060 5 113
4877 3 914
4807 1 834
6738 2 9
5764 3 673
413 5 257
1449 5 284
8978 4 309
6433 4 439
5749 2 298
8199 3 306
998 4 320
596 3 85
287 2 213
784 1 739
3737 2 297
9677 2 585
5529 4 874
897 5 896
2942 2 394
3924 2 291
3457 5 884
5028 1 935
4626 3 547
9985 4 152
1373 1 292
2632 3 391
7517 2 1000
9750 2 911
8651 5 623
5030 2 623
6666 4 176
7993 4 776
2199 3 88
7725 1 147
5 1 774
973 2 43
7586 1 892
2623 2 208
9184 5 813
5020 4 397
2126 1 808
5228 3 689
2725 1 212
1585 2 366
5797 3 815
1852 4 337
2076 4 79
3784 1 601
9107 1 434
4366 2 597
9154 1 327
877 5 875
5095 5 204
9465 1 787
4029 2 607
4290 1 421
5438 5 377
5164 1 135
233 4 455
9698 3 987
3257 5 309
3644 3 474
3596 5 974
1059 4 853
3555 4 729
1318 4 563
7465 5 265
459 5 38
4366 1 343
3934 3 327
5142 1 500
7161 4 114
2089 3 567
5651 3 245
870 4 539
3692 2 49
9855 3 915
3247 4 400
8032 3 459
2905 1 978
1079 4 436
6779 1 730
6356 4 332
7394 5 131
6635 3 596
1275 4 973
9460 4 22
7082 2 66
7435 5 348
1427 2 973
7858 1 116
5373 1 522
7511 2 506
4704 3 440
3419 5 447
5102 3 802
2606 3 988
5212 1 108
980 1 628
7891 3 595
9712 5 892
4549 3 111
389 2 413
4440 3 985
5217 1 209
6781 4 482
8194 2 7
4825 2 674
1097 2 187
2030 1 518
6690 3 62
3879 5 79
7731 1 208
956 3 899
6498 5 393
9135 2 670
2848 5 747
7575 4 619
1748 3 186
3010 1 465
4655 2 771
4928 5 775
6756 5 301
814 1 57
8707 1 371
5196 3 327
2405 4 12
6551 4 678
123 3 756
1684 1 249
1178 2 431
7858 1 384
2392 1 872
899 1 552
497 2 417
8495 4 288
5332 5 166
6176 3 718
6307 4 274
9468 5 361
1619 3 625
6312 5 283
1056 2 168
9984 1 156
2271 2 91
7563 3 15
6937 1 82
5067 5 44
8554 4 887
5961 2 109
2245 2 625
9564 5 47
5731 3 372
721 4 72
4365 4 794
4205 4 296
1516 2 807
756 4 473
3190 3 560
6975 4 492
2178 4 643
3815 1 518
8840 5 385
4815 1 969
4277 2 217
6243 5 296
3167 5 150
9193 5 47
3461 4 978
8757 1 581
3323 4 887
9488 5 222
20 4 762
23 2 796
4893 5 47
9454 2 28
8245 1 89
4753 3 144
1790 1 216
3830 2 138
7954 5 147
282 2 574
129 2 423
376 2 656
7970 1 862
3127 3 92
943 1 389
6992 2 945
4907 3 994
1502 3 402
619 2 20
9291 3 15
3136 1 151
9053 3 153
1807 4 445
1378 1 928
4775 3 143
4795 4 550
2000 3 209
8876 2 943
9679 3 762
2326 3 522
9570 4 940
9298 1 213
9874 4 744
860 1 315
2733 1 730
7548 3 478
7218 1 131
6061 5 628
3857 5 336
2399 3 839
8093 4 37
3971 4 148
1315 3 761
3351 3 830
286 5 660
1454 4 693
9883 3 457
6906 2 127
2093 5 31
2657 3 88
9880 3 352
1845 3 109
4842 1 8
94 4 419
81 2 675
1868 1 194
9031 1 893
8465 3 455
3626 2 218
6424 2 464
3610 2 699
7151 4 131
5632 2 722
4290 5 698
398 2 832
3028 3 805
5313 5 533
8995 5 42
1803 4 215
6766 3 566
8368 4 68
6566 3 461
6588 2 344
9448 4 915
1834 4 228
830 3 483
3897 5 130
9337 2 261
8467 1 933
1390 1 343
5375 1 549
4675 5 530
9113 3 73
9519 2 38
5149 1 365
5976 2 904
3168 3 969
995 1 397
4628 3 817
942 4 417
644 4 798
8597 1 13
5733 3 214
2949 2 417
8851 5 619
4351 2 991
333 5 547
8113 3 702
7588 2 129
3099 2 50
174 2 817
5059 5 303
1362 3 530
6659 2 759
3431 4 26
5983 1 318
8742 2 254
3446 3 648
4117 5 529
5482 2 703
3541 3 474
8560 1 280
4470 1 582
8850 1 471
3584 1 650
575 2 585
8776 5 316
2831 4 216
3493 3 941
2830 1 412
3366 2 911
1557 5 125
9258 2 840
7703 1 293
8905 4 766
9941 1 125
104 2 699
8035 1 284
8414 3 331
8988 3 145
2344 5 615
9432 3 835
3361 5 969
9147 1 76
4879 1 339
6288 5 126
7833 3 73
7356 1 230
1723 1 918
1625 3 371
8301 5 825
6801 4 359
7707 4 218
1378 2 491
4879 3 568
3093 2 620
3852 2 596
9347 1 992
6262 5 920
1694 5 521
3354 2 24
7421 5 434
1281 5 909
3674 3 653
5999 2 477
2012 3 863
6049 5 359
6042 4 425
9499 5 186
303 2 520
19 1 779
7306 2 822
4990 3 878
4559 4 515
8010 4 627
7577 4 326
4619 3 547
9035 1 626
9053 4 442
2755 1 615
5196 4 877
937 1 211
8990 2 389
5270 1 587
4953 4 414
8754 5 732
6914 3 887
6164 2 121
3759 5 34
8469 4 488
9040 3 933
4863 5 318
3523 1 274
364 4 892
2931 2 89
4296 5 861
7847 3 165
6919 3 172
7867 4 458
2642 3 893
8668 5 740
3188 2 81
565 5 403
925 3 90
9233 1 221
4071 2 747
9297 4 161
4844 1 263
6344 1 292
1137 2 818
8080 1 932
8751 5 600
6119 5 822
4912 1 129
1884 3 180
8820 5 416
7255 5 517
7824 2 984
5901 5 255
6915 4 91
6817 5 42
7943 3 517
3544 2 707
6061 3 966
2972 2 402
1717 5 298
4820 1 664
5590 4 504
58 1 524
2975 2 447
1256 3 611
2404 2 785
9273 4 71
39 4 337
5401 3 204
621 5 802
2401 1 617
9758 5 9
5155 4 258
4146 5 983
6224 1 476
817 5 501
5951 4 796
8737 3 660
3774 3 930
7886 4 952
5896 4 923
1339 2 219
4575 1 950
1494 2 232
574 5 921
5749 2 608
8651 4 951
2130 4 320
9357 4 137
1882 1 447
3172 3 205
3668 3 534
1510 4 168
2163 1 648
5233 4 603
7065 4 179
6805 5 350
2980 1 896
2608 1 357
2794 5 267
2708 3 789
1126 1 498
6479 1 137
8728 5 771
2471 2 53
3806 2 751
675 3 81
5359 4 591
4902 3 932
8785 2 756
1497 5 122
4917 5 903
2235 1 543
3343 2 660
1225 2 612
3117 5 893
7825 4 796
2743 3 190
9888 5 193
2478 3 630
9105 4 565
688 3 775
7791 1 74
6671 5 399
3993 5 306
6399 4 64
8403 3 506
2200 4 335
2636 5 32
2176 5 432
8651 3 73
1056 5 823
207 1 171
1230 4 78
5429 4 456
5558 4 200
8062 3 866
142 5 890
1745 2 876
3639 4 862
4881 2 560
6096 4 197
7022 4 715
519 2 917
6315 4 630
1828 2 22
5113 1 865
1285 4 716
6247 4 52
7716 3 395
6772 1 981
6932 2 902
2085 3 914
5591 5 263
5177 2 83
7060 5 183
384 4 338
7105 3 25
1438 4 59
1331 5 608
8041 2 672
103 5 171
4691 4 335
9060 4 561
4593 2 796
2935 4 452
6131 4 119
2869 5 567
6638 5 630
3365 3 218
1877 3 557
5361 5 165
6108 2 680
6301 4 984
1635 1 439
1948 5 812
6579 1 201
6258 1 754
2321 3 254
2920 2 671
2661 4 420
9552 1 332
5488 1 548
6971 1 481
2019 3 870
9024 5 783
2300 2 581
8310 2 363
4356 3 512
1441 4 142
2525 4 2
3740 1 860
1555 1 918
9255 4 123
6961 2 952
3479 1 74
9142 4 407
5336 4 809
9012 5 594
4926 4 300
1781 2 686
7362 3 33
3870 4 209
9583 4 375
632 4 448
3029 2 1000
2972 1 987
9791 4 722
771 3 590
6095 4 792
9420 4 672
4787 5 428
6650 2 874
6703 4 347
3416 4 258
6867 1 957
2427 2 340
8465 1 891
7607 4 75
4031 4 31
5651 3 946
4333 1 911
6413 5 339
8874 4 322
5513 1 526
1051 3 118
6176 4 500
7563 1 636
5603 1 355
391 1 954
1081 2 716
4190 4 892
5502 2 628
8638 2 666
3170 3 207
8273 1 282
9050 4 958
4923 5 972
5141 3 611
8300 2 902
4240 1 179
3857 5 514
455 2 542
1180 3 474
6321 5 47
593 1 747
8308 3 900
8413 3 765
2247 2 104
8570 1 488
258 2 340
7175 2 324
7252 4 311
8636 1 229
6317 4 776
3657 5 926
8184 1 120
4746 3 175
1854 1 750
459 2 488
4369 5 527
5321 5 37
7951 4 919
1545 5 453
7057 2 405
2774 4 320
5855 4 348
3827 3 485
7136 3 84
4345 3 145
8993 3 153
2370 4 177
1947 5 118
3110 5 479
4332 4 64
3501 2 431
9293 2 273
1289 2 985
2741 1 989
695 5 4
3914 1 43
1534 4 524
8181 3 843
3633 2 285
1723 5 722
3953 5 559
2680 3 137
2258 3 365
7496 2 481
6469 3 443
164 3 845
3771 5 433
2262 1 970
5212 3 126
1371 2 896
1038 2 387
3995 1 33
3898 2 856
3513 4 35
1348 5 288
1068 3 215
2899 3 177
8963 3 338
2832 4 45
880 2 29
890 2 5
1676 5 41
7269 3 692
5588 1 889
9619 3 215
5087 1 213
3873 1 694
1473 3 139
5847 5 991
2884 3 921
5858 2 207
4988 3 725
100 5 89
4715 2 232
3601 2 514
5322 5 666
234 3 998
2219 2 503
3838 5 889
9027 2 704
8780 5 951
3956 2 186
4051 3 190
4867 2 149
6826 3 112
7479 5 259
7808 4 549
1276 2 799
446 5 212
8182 1 962
8450 2 613
1147 5 488
303 1 572
5138 5 97
3242 3 192
9590 4 987
5257 1 862
5244 1 758
9506 1 973
2498 2 632
6242 2 945
7877 4 49
4115 3 393
8247 5 64
5621 2 319
5356 5 632
6422 5 588
2310 5 375
7838 1 508
9589 1 213
3875 3 619
5237 1 990
1903 5 372
7110 3 204
9119 5 571
4875 2 399
6973 1 717
1146 2 877
7977 3 214
4327 5 395
4672 4 410
5712 3 175
8903 2 564
5868 3 250
2390 3 245
7547 4 534
3538 5 208
7470 2 675
9431 2 322
7065 3 286
5111 5 108
3835 4 170
9979 5 744
8628 4 426
2271 3 273
4515 5 928
8696 3 8
7290 5 641
391 2 733
7494 1 232
6133 1 556
2476 4 123
2023 1 22
1867 5 668
6618 1 472
1633 5 488
7713 4 716
4568 1 947
9267 4 864
2188 2 841
493 2 929
438 3 960
3221 3 231
4052 4 807
6178 3 350
8965 4 797
567 5 440
852 3 36
5722 1 859
5641 4 186
8726 2 150
9547 4 477
9878 2 420
4450 3 469
1989 4 15
4946 4 353
477 2 443
1940 4 864
1265 3 488
7608 5 683
5362 1 886
7283 1 79
8783 5 188
4915 5 824
3514 1 458
6711 4 80
6559 3 230
3144 2 108
204 4 181
7718 1 45
3583 2 570
5424 2 345
9707 1 997
4776 3 743
3838 2 860
670 5 434
2532 1 903
1366 2 180
52 2 70
1152 3 453
8907 5 332
2923 2 714
8306 3 138
1706 2 652
8488 2 730
7372 3 498
3539 2 612
7297 4 120
9961 3 885
7107 5 501
7809 5 909
7744 2 781
2759 2 806
8354 3 84
3748 5 184
6068 5 677
6115 5 925
2072 4 12
5271 4 730
3426 1 735
2101 1 518
2862 5 279
1399 1 829
4697 1 481
7606 3 200
4497 4 9
6954 5 488
192 4 562
9918 2 698
8353 5 43
2110 3 306
5608 5 338
9069 3 603
4473 2 836
82 1 98
3427 4 991
3565 4 205
9624 3 660
6798 3 734
2833 5 979
3318 3 597
6195 3 882
6454 3 719
2510 4 927
206 3 800
2086 4 52
8448 4 513
5480 2 797
2618 5 435
8649 4 951
6304 2 964
5513 2 49
1214 1 827
4109 5 567
2366 3 101
9844 5 528
6610 2 568
2554 5 250
254 1 283
7370 3 727
2129 1 104
1689 1 798
6868 3 909
2175 3 661
9551 4 49
3371 3 341
2256 3 336
4745 2 461
322 5 897
4528 3 90
9274 4 711
6776 5 954
3211 2 201
9515 4 175
7034 5 444
7006 2 895
6894 3 588
9009 2 935
8928 3 612
8175 2 947
5613 5 339
898 3 971
9522 3 86
7718 2 181
4546 5 905
6659 5 551
3707 1 699
8864 3 250
7645 1 449
8776 3 328
5448 1 405
2212 3 911
2351 1 768
1800 4 583
8839 3 769
3273 1 234
7071 2 713
9084 3 845
9752 4 496
4995 4 806
248 5 686
9182 5 682
4933 4 620
9338 1 906
767 5 900
8993 5 640
1119 1 205
9520 5 255
1020 1 611
1535 3 589
8668 3 455
433 2 162
7058 1 615
680 2 211
5953 5 16
430 1 31
6930 1 874
8164 5 481
3037 2 171
7085 4 286
9312 2 152
8630 4 243
2951 3 871
134 4 713
1836 2 213
268 4 109
293 5 896
5360 1 269
3922 1 11
3729 3 475
5911 5 963
8480 1 218
8592 1 154
3374 5 699
6762 2 505
1366 5 656
8782 1 586
5131 1 787
745 1 903
4967 5 861
826 2 656
7692 4 729
2073 5 869
8527 3 365
6949 5 385
7074 1 894
1321 3 68
3767 3 528
90 2 135
2945 2 783
3001 5 4
7303 1 577
7425 3 372
2159 1 648
8585 4 932
6592 5 579
24 1 612
6236 5 542
3315 2 802
8717 4 67
5407 1 146
5140 1 575
6978 5 964
4769 1 938
4889 2 915
6711 1 939
5936 5 681
4734 3 439
4362 3 999
4567 4 972
3114 2 632
4269 4 959
8812 3 764
1000 5 776
8713 5 319
710 2 829
823 5 916
9414 4 847
7851 5 699
7410 1 83
8480 1 865
7617 5 995
854 1 829
1399 3 462
9322 1 28
3771 5 898
1031 5 479
8762 2 334
7874 5 194
8328 4 481
2370 4 138
6020 4 121
1533 3 791
415 5 910
9762 2 739
8039 3 383
9981 2 846
3846 1 991
6912 2 332
4982 1 318
9512 5 735
3767 3 823
6855 2 723
8613 2 780
762 5 887
3403 2 315
1923 2 86
5267 3 365
7846 3 292
8229 3 708
4503 4 616
414 2 155
8642 4 936
8568 4 510
2201 3 701
4726 2 663
9350 1 727
8807 3 339
4516 4 25
8968 3 452
1326 4 758
588 2 633
8023 3 416
4315 3 189
1187 1 887
1833 1 295
1882 4 683
3186 3 375
6118 2 650
8395 5 958
2053 5 37
7352 2 320
5454 5 155
7600 3 329
1302 4 57
1874 2 621
9850 1 332
1412 4 519
5742 2 756
7063 1 491
417 5 961
9722 3 325
8294 1 455
6237 1 804
6115 2 700
9866 5 642
7117 1 449
2921 1 214
1178 1 591
3691 5 807
4909 3 63
1846 5 93
9677 3 578
9144 4 996
1048 1 981
2557 1 293
8899 5 482
3018 5 220
2053 1 497
5362 4 937
5062 3 423
7801 2 645
774 4 264
3923 3 936
7035 1 584
2449 3 334
9697 4 116
5051 5 574
9206 1 882
7713 3 561
2817 3 852
5447 1 264
3451 2 164
2018 2 373
4931 5 276
9122 3 303
6420 5 549
7808 1 122
8930 1 822
