693
4468 2 908
2646 5 68
8656 4 854
3181 5 207
366 4 726
4039 1 624
6933 1 458
7196 5 140
3958 3 838
6855 3 68
4038 5 167
2131 2 619
9679 5 467
2085 1 714
514 4 852
4120 2 801
1264 4 338
7290 2 53
5924 3 730
411 1 331
5477 4 506
219 3 424
8270 3 775
6547 4 354
5055 1 859
3100 5 277
164 1 457
875 4 288
2160 2 21
5377 4 662
7949 5 807
8156 4 647
6566 3 737
45 5 499
6298 4 125
2301 2 963
7617 4 922
1996 1 269
7758 3 443
4331 5 657
1445 4 637
2828 2 593
3486 1 510
9904 3 158
4738 1 288
8430 3 267
9173 4 108
8900 3 130
5032 4 873
1827 2 801
7932 4 469
2520 5 253
9577 2 433
317 4 158
4746 1 319
4438 1 676
7380 3 902
5986 2 461
9470 1 347
9381 2 833
1609 5 31
1260 4 415
6003 4 95
8611 4 457
3566 5 887
9109 1 216
9225 1 887
7962 2 940
4932 3 908
4979 5 286
4458 4 41
9986 5 467
2306 1 231
2264 1 384
8978 4 447
2639 4 396
59 2 170
7093 5 175
2135 2 875
2766 3 951
9841 4 389
8966 4 527
8029 1 65
3324 4 304
5484 3 751
6874 3 292
9467 1 559
4211 1 282
3746 5 379
1894 2 473
5089 1 36
4925 4 295
673 2 136
1998 2 603
9570 3 667
8481 5 340
2966 3 873
9492 4 125
7737 2 55
9089 1 990
4996 2 810
6916 1 769
7584 2 752
4342 5 183
2429 2 142
7451 1 295
1526 3 454
7873 1 264
3857 2 146
5417 1 614
1266 5 552
1438 1 962
1935 5 904
3810 2 573
2439 4 131
7332 5 429
9269 5 134
6922 3 774
4515 4 743
4218 2 751
5448 1 302
1012 2 649
4254 3 26
8560 1 871
9114 1 937
6752 4 724
9650 5 518
7346 4 256
1483 5 890
1899 2 286
2422 3 578
7795 3 730
8163 4 265
820 5 186
2068 2 13
4583 1 44
2718 3 639
3222 5 506
7868 3 317
2584 3 905
7107 4 117
4970 5 822
5863 4 80
9507 2 822
5830 4 69
7013 2 546
5285 1 377
9982 5 218
8881 1 61
3509 5 286
5508 3 584
7225 4 562
5776 1 19
5470 5 235
5930 5 942
6968 2 425
8856 5 334
9148 1 247
3376 4 48
7059 3 750
7381 1 68
4716 1 453
5026 3 675
9846 2 69
4217 1 555
3984 2 560
7690 1 728
7178 5 363
7913 4 601
7141 3 391
6569 2 894
3144 4 144
3322 2 258
9859 1 488
5017 5 718
4004 1 147
9094 3 311
6202 1 852
9940 2 804
8567 3 100
5289 3 60
5307 2 719
7348 4 34
6792 5 987
756 2 990
524 3 382
5548 5 596
7251 3 106
6477 4 561
4728 4 511
493 3 40
2708 4 618
4897 4 330
6713 4 671
2871 2 477
5378 5 631
8744 5 782
5497 5 637
4714 3 45
6581 4 98
573 1 273
4275 1 863
4949 1 178
7859 1 468
9409 1 863
4458 3 180
9345 1 527
2731 2 13
3155 1 435
2770 4 926
8303 3 38
1410 4 634
7192 5 18
8659 3 611
6210 5 548
5895 1 995
3483 2 131
2873 5 648
8916 3 47
6172 5 598
972 3 291
8827 1 806
780 3 125
9046 5 524
5923 4 464
918 3 463
4725 4 355
3880 4 88
7616 1 65
8545 2 642
8066 2 211
4937 4 841
9593 4 221
7404 5 714
291 4 384
3580 1 124
4281 1 29
6774 3 770
106 2 331
2465 4 713
5760 5 360
6618 4 929
500 5 764
4452 1 632
511 2 172
3153 4 128
1646 4 697
3012 5 463
4916 2 674
3820 1 716
5213 3 255
399 5 841
3980 3 197
7942 4 149
6161 2 932
4235 5 200
8508 2 260
43 3 262
1514 1 745
8630 1 316
5466 1 694
7992 2 245
5262 4 710
8538 2 521
8725 2 28
8741 5 37
9320 2 974
8974 4 725
7499 5 385
794 2 437
5153 3 839
3790 2 274
7085 4 950
4590 2 242
8020 5 190
3028 5 665
8986 4 668
9173 1 383
9484 5 763
9257 4 721
9359 3 156
3511 1 307
8303 4 72
540 1 651
2250 1 111
7744 4 10
1187 5 297
33 5 995
7239 5 304
9553 1 378
4718 3 693
61 1 509
7335 4 717
8669 1 216
7610 1 78
6072 4 357
5439 5 461
3183 4 44
8190 2 486
486 4 978
9518 5 959
6194 3 331
9952 5 427
1817 1 589
9652 2 260
8529 5 208
453 3 390
285 5 870
8608 1 729
5296 2 548
5181 1 407
7873 4 246
4222 1 683
8673 2 835
5664 5 207
8317 4 803
7719 5 340
9081 5 348
996 2 334
7163 1 43
8143 5 66
9065 5 970
7521 4 476
9465 1 148
3351 1 118
7698 3 420
3909 5 658
2335 5 62
6906 2 63
5713 5 911
4267 4 585
5807 3 894
1114 3 918
4894 2 766
852 2 258
4333 5 219
8083 1 556
7900 4 39
5990 1 651
5918 3 287
7688 3 836
7304 4 815
2484 5 176
7589 2 282
1008 1 564
2603 1 231
9674 3 614
4688 2 694
350 2 356
3587 5 82
455 1 272
1337 3 747
7384 2 620
2870 5 137
9199 1 751
6485 3 559
3968 2 307
2976 5 821
4775 2 620
1366 5 24
8227 1 660
6784 3 526
3034 1 39
9713 5 673
8196 4 866
1170 1 227
7226 5 458
150 4 492
329 1 175
9341 4 154
1076 2 562
514 4 506
8296 5 858
3868 4 754
8072 2 519
943 4 450
6969 4 267
1979 4 617
1437 4 45
9836 4 507
7813 5 313
1487 4 544
8725 3 353
4646 3 590
3724 5 616
6191 4 390
1157 1 865
5472 4 834
2413 2 896
4216 3 628
8446 3 272
4246 5 329
937 3 474
5245 2 210
8496 2 416
6425 3 887
1821 4 36
9825 1 681
2562 2 594
6065 1 143
4804 3 341
1898 5 751
6728 4 512
1261 3 241
6333 1 442
2255 4 616
9994 2 461
2464 3 345
3744 3 713
5817 2 476
973 4 693
5249 4 556
7408 1 552
6355 4 942
8666 4 851
2332 1 397
7148 3 317
7185 1 724
3502 1 835
9995 1 313
1387 1 980
2203 1 440
3495 4 533
5150 1 591
1265 1 668
2491 2 840
3033 5 117
1030 3 656
6215 3 745
1497 1 446
7969 2 336
7738 4 359
1913 2 624
5376 4 621
2940 1 382
5655 3 311
9310 5 399
907 3 94
9151 2 48
2094 1 483
7642 2 352
3621 4 934
9079 4 231
8245 4 649
503 5 42
1425 5 781
5650 5 773
2729 1 776
1335 1 107
4449 3 960
1163 5 719
2724 5 365
6958 5 463
6550 1 178
9268 5 328
2721 3 557
3438 1 603
3002 5 100
8698 1 46
3501 3 836
7020 5 53
511 1 181
7263 1 454
6196 1 489
8774 4 544
9432 5 716
7489 3 626
9994 4 376
3612 2 225
5061 4 209
2727 3 131
4051 2 966
4658 2 937
4786 5 879
5310 2 43
728 5 146
6966 5 211
6398 5 504
3948 1 558
9283 4 809
9661 1 468
5249 5 257
9018 2 607
7790 1 809
2864 5 611
913 1 476
7910 3 543
6615 2 340
8176 3 875
1133 1 928
4410 2 772
5210 5 100
5346 1 971
662 3 831
5422 2 27
1629 3 438
1957 3 114
1974 1 271
6121 2 400
3633 3 291
5979 3 391
7779 1 842
1107 1 127
1462 5 11
94 1 892
8542 2 684
9087 2 254
1512 5 167
1596 3 20
9212 4 604
6656 3 180
8498 2 19
1690 5 246
1340 2 133
1977 4 938
4349 1 920
105 5 657
77 4 549
895 2 150
9022 2 853
272 4 506
1607 3 92
1839 1 273
9379 1 695
5686 1 925
358 3 938
4215 2 373
4559 5 507
9696 2 624
5992 2 86
4697 2 657
6378 2 635
8844 5 202
539 2 39
4466 3 868
9456 1 277
9468 3 121
399 2 576
1875 5 897
9286 1 790
8122 1 535
3935 5 329
8878 3 207
7346 3 426
1619 4 5
8634 2 952
5610 2 573
2490 2 908
111 3 741
6261 2 87
1759 3 123
7404 5 848
2160 5 2
4530 4 661
5984 3 913
9967 2 847
8113 2 65
8577 5 110
5181 4 977
9089 5 603
9480 5 831
9534 1 143
8883 4 689
5483 1 425
737 4 95
2532 3 627
4574 2 535
1494 5 746
6524 5 614
4312 4 590
8679 5 84
4208 5 362
9882 1 132
6696 4 165
6747 3 839
796 3 984
7262 3 495
1419 1 990
8535 4 623
6670 1 395
794 5 112
7705 3 551
2534 1 505
9408 3 578
8393 3 465
747 4 781
2225 4 722
8523 5 101
1951 4 874
9694 2 361
5271 2 855
2442 3 12
4859 1 595
1129 2 552
1769 5 784
419 1 230
902 4 678
1871 5 730
1658 3 833
5124 2 870
5361 1 168
8383 3 384
9659 1 73
7028 5 601
1853 3 484
593 1 585
3699 3 842
3300 5 666
6294 1 305
4505 2 965
936 5 227
1551 1 193
8143 1 121
775 1 899
8866 5 755
9417 2 921
117 4 821
9093 5 256
2359 1 319
6068 2 578
9999 5 944
2070 5 292
3900 3 700
580 4 771
3796 5 980
5873 1 439
7274 5 679
3566 4 74
6419 4 838
2937 4 764
3523 4 576
7215 3 282
7490 5 732
7974 3 995
5263 1 917
4468 1 598
9338 4 382
6529 3 568
8268 4 158
596 1 559
4807 3 31
7672 2 44
2343 4 466
7007 3 164
7404 3 30
6594 3 653
843 3 951
324 2 237
6753 3 527
7704 3 970
5726 3 132
8554 5 347
6466 2 286
3694 3 786
4618 2 327
8894 1 299
7925 1 47
3353 1 623
5986 3 11
7739 3 649
5062 5 149
1567 2 676
9564 2 286
9317 4 992
9677 4 66
2518 5 32
593 1 501
5299 2 604
9558 1 536
9819 3 108
6302 4 488
6028 1 284
7437 5 656
5608 3 432
6064 2 820
3311 5 479
2353 4 43
3924 1 764
408 3 700
1786 1 284
1430 5 718
3178 4 157
1378 2 118
9171 2 995
691 4 395
9040 1 311
957 4 867
1724 1 714
3881 4 382
9046 3 863
1250 5 257
5221 3 409
5523 1 817
3564 1 313
2939 4 916
8143 4 750
871 5 646
9404 2 458
4431 4 295
1999 3 707
8211 1 287
8665 1 925
428 4 78
460 5 413
8714 5 804
8007 5 265
1399 2 763
4046 5 339
946 5 690
8376 3 100
3748 1 300
3876 3 279
286 2 297
6262 4 995
8382 2 401
7805 2 255
4541 4 186
7608 3 517
6054 5 637
6371 3 73
9207 5 852
2221 2 89
6102 3 52
7221 4 149
4995 2 53
533 2 499
2863 4 370
7849 1 270
5099 5 346
4417 4 756
418 3 637
4908 3 961
7166 5 274
9265 1 107
9769 4 871
3708 5 458
6970 2 791
5616 4 643
1249 1 736
1090 4 824
915 3 470
4059 5 367
2101 5 147
5680 1 922
2191 5 901
2254 5 889
4511 1 219
5834 3 91
2244 5 334
2881 3 821
8285 2 653
6435 5 94
4161 1 89
238 1 632
49 2 282
5884 3 464
9774 2 275
686 1 280
8430 4 894
6264 2 177
4939 3 747
3360 2 100
5093 1 803
7534 3 583
5302 1 841
2843 1 7
420 5 94
5911 4 843
5278 4 409
2249 2 833
5211 1 125
6913 5 955
1970 1 663
9925 2 82
9556 2 973
2863 3 381
3280 1 84
6457 3 554
8018 4 114
7177 4 124
529 4 120
1331 3 238
2042 2 475
5971 5 269
3610 1 247
7092 3 971
8173 2 634
8182 3 671
5638 2 788
6377 4 430
5630 3 459
3827 1 6
3025 2 642
7559 3 88
2921 2 824
5850 2 681
5503 3 908
2381 3 891
9013 4 552
924 4 894
3278 4 36
4694 5 205
9183 5 916
4210 5 472
254 2 603
9188 2 143
7268 4 167
7375 4 649
541 3 348
4890 5 902
4749 2 926
9657 3 348
9735 2 428
660 4 478
5004 3 193
9253 4 309
3916 1 805
6084 2 187
5022 1 844
3047 2 406
7901 2 805
565 2 80
2355 1 45
8894 1 380
5638 1 14
5423 1 981
6053 2 148
586 3 342
5182 3 711
9245 3 189
8704 2 569
2297 1 830
6603 4 669
542 2 761
7200 1 329
4185 4 543
2221 4 888
8567 1 174
6014 5 102
4185 5 330
9358 3 77
9280 1 895
9002 3 248
7929 5 422
3700 4 485
2872 5 643
2961 1 340
7519 4 781
4496 4 534
96 1 963
1438 2 967
5117 4 342
7047 2 792
6419 2 316
9462 5 515
3683 1 111
132 5 369
7522 2 979
204 4 458
1757 5 812
860 1 732
9378 2 981
3979 2 345
5785 1 89
5125 4 987
7399 1 433
1504 4 969
9168 1 427
3296 2 273
2729 1 400
1829 2 556
2501 2 202
9319 1 604
4325 4 42
4894 4 855
3035 2 555
7800 4 531
4511 4 603
6959 1 315
1311 1 211
7276 1 65
8396 2 599
4170 1 657
7817 4 832
2430 1 371
5648 3 462
9894 5 204
3216 5 365
3883 2 920
4252 5 616
274 1 672
6573 5 749
9742 5 290
2483 5 758
275 5 425
4843 1 132
924 5 161
1260 1 119
4667 4 305
1680 3 672
6764 2 818
3548 3 445
4643 2 934
9332 4 88
3861 3 979
8410 3 618
1822 4 282
9921 1 174
6906 2 364
6935 2 51
319 4 776
8694 4 564
9537 3 730
5054 4 861
1941 4 376
2578 2 387
6979 4 510
6594 1 810
2763 2 5
1465 4 238
4142 4 577
8311 4 543
7857 2 71
2027 2 604
5756 3 434
1022 2 285
4611 2 143
6579 3 94
5780 4 914
2929 3 628
795 2 651
8592 5 332
517 2 859
5706 5 283
1609 1 449
2377 4 790
738 4 920
1474 3 691
6173 3 904
2988 5 475
2654 4 401
8155 1 371
7149 1 896
8365 5 851
1455 4 463
8676 1 952
6599 5 566
2996 5 626
3 2 768
3195 2 799
5977 2 186
1896 2 569
3498 2 378
3800 1 314
5274 4 562
5617 4 668
8020 2 289
3019 2 703
4850 2 478
8738 1 755
9676 3 80
7192 4 494
2062 2 884
9562 5 59
5990 3 226
9309 1 422
2541 1 176
6851 4 235
993 2 673
77 1 480
8907 5 258
8072 2 37
6474 3 109
6924 1 750
9863 4 133
1223 2 35
411 3 313
9104 2 744
7144 4 330
7547 5 888
1217 1 615
1758 4 755
1628 5 111
9940 2 945
9526 5 291
3467 2 170
1437 1 574
281 3 507
3430 1 263
8681 1 25
6169 4 90
7039 5 149
6237 3 223
5491 1 631
8544 1 451
6747 5 161
2177 3 888
1735 4 45
3383 1 164
2183 1 645
3585 4 872
7203 5 214
6223 1 709
6494 2 222
1102 5 19
6271 5 87
6057 3 66
1735 4 812
5763 3 619
9342 4 974
4219 2 237
3472 5 389
7851 4 165
1075 5 320
5742 3 808
7332 5 324
568 1 299
8889 2 385
2574 2 776
5034 3 763
5160 4 339
328 1 847
5387 2 486
3854 5 709
2162 5 495
4872 5 840
3798 3 838
6146 1 877
119 1 120
6906 2 137
2773 4 435
8732 5 580
7345 1 34
6669 2 703
200 3 244
6396 5 667
3114 4 952
4444 3 896
8871 1 327
12 2 804
1810 1 261
6539 1 915
6956 4 146
6021 1 490
4911 2 982
352 3 383
5265 2 179
693 4 931
6291 1 550
9391 5 980
450 2 977
9676 5 219
7319 4 841
3269 4 75
2143 3 435
1580 1 65
9959 4 494
5049 2 65
4794 3 763
3128 2 591
6843 2 894
2337 5 710
570 2 851
2049 3 254
3197 1 951
7643 2 188
6016 5 925
3072 1 192
5386 1 648
8663 3 355
4070 3 433
9326 4 958
7289 2 479
7084 1 449
6342 5 427
7740 2 243
3193 3 179
1912 2 264
859 2 739
1231 5 264
4796 5 403
620 2 767
2122 2 317
3716 1 53
5434 5 204
9601 3 286
8851 2 97
6989 5 665
846 4 505
2342 4 336
6207 5 331
9289 4 977
9522 5 810
1296 3 48
6696 5 720
8254 2 592
7822 2 306
9892 3 747
8631 5 138
1431 4 119
7209 5 718
3092 4 417
9805 5 640
5177 1 714
9407 3 692
7130 3 512
9742 2 854
4040 3 898
5535 4 318
1077 3 684
6771 1 394
1286 3 754
2351 2 614
68 1 235
1367 3 171
3317 2 132
6090 5 528
4519 2 208
8860 2 758
473 5 384
9370 3 926
1550 5 479
1298 2 476
6802 3 860
5187 1 690
8490 5 449
7003 2 916
5651 4 797
6589 1 47
8071 4 796
6892 2 741
9128 2 555
7578 2 63
3722 2 794
8621 2 592
6435 4 691
9796 1 477
4818 1 223
4486 3 402
2021 4 380
1038 3 757
5617 1 143
4056 5 80
3830 5 947
5629 3 177
4638 4 988
9451 1 2
8425 1 583
5326 1 243
7023 3 834
7522 3 498
4252 4 568
9189 4 439
6506 1 927
5701 1 322
8632 1 836
1090 4 996
455 3 871
4168 2 685
4965 5 882
5315 5 924
1207 4 56
8482 1 252
1448 1 690
9316 5 200
5334 1 235
1703 3 377
3685 4 135
391 3 2
1369 1 173
6530 2 287
7731 3 318
8303 5 22
9424 1 332
8891 3 944
3250 2 86
4469 2 487
3958 1 679
6841 1 174
5796 2 76
4101 4 569
2011 4 599
3578 3 607
1539 2 316
2719 2 162
8711 5 416
2249 1 890
9083 1 584
1593 4 778
2480 1 225
2744 3 414
8025 1 337
1674 3 869
8756 4 703
6830 2 877
904 4 895
6311 5 312
6254 3 136
2913 5 872
9312 1 35
2921 2 840
2807 5 266
4037 2 94
2733 4 769
5650 2 150
7566 4 312
287 2 17
1670 2 163
3902 4 203
4964 3 920
6735 5 747
3125 1 653
2767 5 846
6513 5 77
5427 2 896
3952 1 707
9576 4 362
4206 2 925
7622 2 811
5262 4 477
7846 3 276
3085 1 533
3094 5 760
4198 1 761
8610 2 981
441 3 949
8454 4 696
3970 1 375
6722 2 731
3096 3 416
8306 4 7
1297 3 848
231 4 821
1180 4 66
2835 1 648
2054 5 862
4744 5 249
6159 2 218
9603 5 500
7345 3 665
5617 5 876
749 1 526
6005 2 537
3377 4 780
7529 4 642
1599 4 188
1866 3 834
5889 3 760
6198 4 7
2175 5 839
2942 4 899
1442 1 775
3183 2 963
7131 2 616
9190 2 516
4715 4 880
9880 5 520
2775 1 460
9578 5 13
1076 3 438
9958 4 97
3567 1 200
2562 1 787
548 2 312
7292 3 574
5821 2 901
1512 3 59
438 4 149
7961 2 606
9605 4 304
5323 2 656
8787 4 273
7963 3 4
9895 1 95
537 3 236
7936 1 922
2016 4 454
1828 5 235
891 1 874
2468 3 339
1516 5 971
1007 2 626
6835 2 680
4061 3 473
1748 3 999
3372 5 129
6137 5 853
9218 5 798
5803 3 526
6508 2 284
2060 1 954
5951 4 809
3465 3 109
3484 2 572
1585 1 122
2518 2 434
9286 2 370
7683 5 297
748 5 19
2263 3 258
886 2 849
213 5 451
3849 3 130
6236 4 440
988 4 149
9291 2 491
7114 1 750
3516 2 688
2751 4 308
5822 4 116
230 5 896
1195 5 943
2250 3 418
5522 1 587
3010 4 545
3378 1 357
1309 2 656
7085 1 549
7974 3 565
4719 3 221
9020 1 589
179 3 8
9182 5 631
7078 5 507
9776 1 364
6616 3 599
168 4 180
6148 3 695
633 1 263
3684 3 711
106 4 463
7140 3 932
5582 1 743
7202 1 168
2426 4 616
2301 1 781
9534 2 846
9027 4 525
6898 1 387
1788 5 652
6538 3 467
399 4 163
8890 4 50
1800 2 26
8360 2 562
3270 1 840
8326 2 425
325 2 764
4284 2 290
6298 4 170
3014 3 300
8536 5 263
730 1 424
7880 3 174
7305 5 109
6688 4 592
423 3 873
7016 1 156
5047 1 662
4787 5 436
760 2 351
8673 2 205
5026 3 631
2205 3 479
524 5 21
438 5 603
2873 2 450
3696 2 209
6420 2 496
7762 2 470
5875 3 507
4858 4 714
7754 5 954
88 1 75
9833 5 358
6397 2 240
2553 1 86
3368 4 612
7653 5 899
6396 3 938
1269 3 696
8794 2 584
6089 4 152
7386 2 341
4604 3 145
191 2 617
