950
1934 1 846
3855 4 567
1825 2 328
5072 1 470
7252 3 66
8056 5 345
3337 3 864
3629 2 243
8653 5 382
49 2 881
3174 3 272
3346 5 64
3283 3 392
4859 5 204
3007 2 408
1707 4 958
6079 4 781
930 2 195
6903 1 93
9092 4 567
5014 3 987
464 4 429
9010 5 481
2231 3 460
585 2 14
3822 2 852
3697 2 906
64 4 121
5496 4 990
9863 3 660
9943 1 539
7654 5 340
9216 2 143
8098 3 25
3646 4 83
4856 3 505
6872 1 321
607 2 88
4125 2 287
6971 2 979
4581 2 343
3944 5 306
2004 3 423
6933 1 54
5690 2 147
1527 2 639
4578 5 106
2683 2 853
3813 4 31
9736 5 331
4340 2 855
2475 1 58
1501 5 220
1453 3 682
9716 3 960
1330 2 598
6169 5 322
2467 1 550
8747 5 698
2937 3 608
6988 5 22
1873 4 42
7304 1 785
2831 1 667
8005 4 24
1898 4 850
2743 3 154
2302 3 439
7317 3 854
3208 1 154
2156 4 958
4323 2 104
1393 4 870
7370 1 107
1271 2 361
4778 2 878
9317 1 85
5165 3 279
247 5 99
6053 2 852
7155 3 588
8128 5 692
9428 1 687
2933 1 575
9553 4 13
419 2 984
7684 2 952
6370 1 900
1037 3 650
654 4 396
2020 2 241
5479 4 957
2722 5 541
7780 2 366
2424 2 356
4149 5 886
4871 5 462
112 1 509
6131 2 667
511 2 428
4369 2 169
9518 3 740
3428 5 625
8066 4 992
9117 4 427
9766 3 275
3101 5 158
5428 1 888
8063 3 767
1560 5 242
2279 5 569
4168 3 539
3987 4 201
2646 3 642
7136 2 172
8970 1 520
4299 3 825
5965 1 973
3923 4 377
3000 5 924
8181 4 184
150 2 424
732 2 775
7992 2 862
1483 2 43
5561 2 658
8013 3 878
5148 2 651
7713 1 731
6990 1 127
85 2 50
5972 2 720
2561 1 181
7031 5 88
4244 3 813
9219 4 593
2630 1 532
931 2 411
1120 2 36
9167 4 6
5558 2 739
5416 1 916
2712 1 983
1603 5 168
3392 1 371
8252 4 827
4076 4 217
1524 4 181
1671 1 318
4152 4 201
6842 4 827
4512 5 94
4942 5 811
7575 2 93
1308 5 365
5629 4 619
8354 1 909
6115 4 650
9471 5 670
6290 1 847
2822 3 945
7891 4 239
776 3 834
3042 4 591
7120 3 539
456 3 212
3558 3 463
1796 3 248
7250 5 687
1681 3 63
3593 3 657
8706 3 648
2831 1 9
8503 4 509
7556 4 921
2480 2 5
2701 1 871
5822 1 151
387 4 253
6605 1 184
58 5 483
9570 3 184
9202 5 508
3728 4 696
7984 4 13
53 1 606
5053 3 299
1781 4 949
8914 4 663
8991 3 875
6657 2 188
2794 5 541
5698 3 503
3460 2 727
4272 2 769
5995 1 347
5004 4 973
1622 3 407
7488 1 926
9767 1 265
4506 5 581
3903 3 468
4116 3 781
8608 2 472
9783 2 191
9013 4 816
3831 2 794
4322 3 866
678 2 715
8630 4 737
3077 2 409
6311 1 1
773 3 801
8663 5 666
4480 3 250
9051 2 774
6352 1 507
2050 5 177
9922 4 233
5909 1 359
3313 4 968
2328 1 585
8775 1 227
6913 5 450
1850 2 315
6633 5 58
6494 2 939
9675 2 169
4273 4 88
871 5 21
2141 4 984
968 4 59
6633 4 983
4276 5 898
4312 5 484
1824 5 446
8485 4 9
2283 5 376
9525 4 570
1616 4 691
2555 1 226
592 3 22
5295 4 721
2557 4 648
4619 2 367
9252 1 646
7951 2 201
96 4 223
1994 5 296
6316 2 277
7436 5 987
5713 1 870
5278 4 957
2415 2 78
1322 5 219
7543 1 419
8166 1 744
4851 4 905
8268 4 921
1793 4 484
8685 2 670
986 4 248
6413 5 625
7098 4 830
8151 3 878
7425 5 262
7417 1 682
7010 1 256
7374 5 400
9745 4 201
9377 4 230
4573 1 736
6180 5 653
6349 4 821
4186 4 255
8547 5 106
5472 5 613
5880 2 174
3034 4 283
7591 1 757
6735 2 484
1237 5 643
9816 3 385
2153 5 235
9942 1 943
5035 2 13
4040 1 868
7349 2 554
3156 4 697
6502 5 108
6606 1 446
544 2 174
510 1 617
4310 2 574
2995 3 64
9914 4 630
6487 3 313
2847 5 703
2921 3 403
5914 2 814
6426 3 483
503 2 790
7712 2 207
6193 3 244
4152 3 291
1218 5 20
8061 3 372
6913 1 417
5810 1 84
9078 3 777
4315 5 989
748 4 975
5992 1 868
4569 4 966
1928 3 355
3428 4 218
1883 4 161
5632 4 51
8247 5 54
376 3 351
9460 5 458
4198 1 333
6306 1 340
8956 2 533
2578 5 650
2666 4 46
4469 3 62
6780 3 631
2370 5 511
2689 4 58
7393 2 785
564 1 357
2782 1 500
7604 3 842
988 4 342
127 1 681
3705 5 96
2659 5 918
5807 4 565
6919 3 183
3047 3 314
4541 1 820
3551 2 423
1573 1 623
9005 3 527
4153 3 908
206 2 713
5074 3 908
8313 5 100
9848 5 591
7140 5 255
4130 5 855
9837 1 809
368 3 31
2383 4 502
5875 5 507
5366 3 851
4942 4 367
8581 2 895
8562 4 908
8824 5 655
5999 2 343
1585 3 819
6519 1 761
3612 5 807
4969 1 573
6279 1 121
5093 3 408
1203 1 699
3470 4 143
9245 5 690
8651 5 178
5062 3 411
7435 3 998
2388 5 169
6310 5 133
3017 3 872
1018 3 301
9086 2 125
5472 4 142
549 1 492
5033 2 284
6789 1 828
1075 5 394
2421 4 458
3608 1 32
3305 2 648
744 1 227
821 2 619
375 4 346
873 2 757
4889 1 182
672 1 794
7663 1 407
5006 2 991
1412 5 722
4242 1 721
6974 5 671
8358 2 798
7146 4 874
4880 5 113
4940 1 162
4653 2 420
2025 1 360
5162 4 135
4862 5 275
7980 4 658
4616 4 396
7376 1 138
5489 1 201
5477 3 909
823 5 634
1673 5 500
9407 2 82
1046 3 717
5141 3 390
7808 5 59
2265 4 315
3279 4 571
7606 5 814
2335 5 396
7681 4 737
8595 2 173
4073 5 932
8771 5 417
2939 4 518
1080 5 192
8609 4 918
203 3 54
8342 4 764
4176 5 376
8527 4 519
5631 5 755
9111 4 231
5396 1 671
589 3 475
2953 4 887
1056 4 563
3130 4 544
6709 4 913
8372 5 974
5804 1 260
3524 2 435
1365 3 73
9063 3 253
1958 1 580
552 3 561
2199 3 748
2531 3 874
8133 3 148
4438 5 532
9949 1 819
7421 1 674
6566 4 952
529 1 8
8720 2 918
4689 3 364
7364 1 480
6865 1 121
3505 4 450
4404 4 229
2422 2 765
7229 5 609
5329 1 228
6839 1 649
5280 3 619
9939 5 314
50 4 412
9836 2 14
12 4 213
1318 2 464
8277 5 354
9572 3 59
3802 4 592
3288 4 737
9 3 622
5087 3 567
4372 5 937
6587 5 687
962 4 685
2407 2 848
334 4 178
7508 4 124
7419 2 578
331 4 676
940 2 773
7931 3 200
6365 3 163
189 2 624
8959 1 363
3673 5 704
8168 1 386
2052 1 802
8443 3 613
1545 3 503
1057 5 64
4230 2 904
6277 2 690
865 5 773
2559 2 680
6535 5 170
5056 5 619
2829 4 10
9236 2 707
511 1 499
7821 4 359
3678 4 36
3117 5 792
4402 3 394
7540 2 901
2521 1 192
525 3 83
1578 4 598
3426 3 861
9056 4 474
5215 3 606
6273 3 1
5670 2 998
5040 2 752
8798 5 592
5465 4 824
3287 4 587
2636 4 327
3900 4 852
729 3 229
6854 4 204
4610 3 392
8569 4 180
2300 3 58
2450 4 78
3623 2 970
4924 4 222
8738 3 278
645 5 141
9346 3 633
1973 2 675
304 3 392
3063 5 149
2790 3 469
7669 5 547
9218 3 812
6019 1 703
2034 2 59
1258 3 423
1073 2 206
1130 2 988
2956 3 44
9911 5 595
3810 5 995
8502 5 49
9907 5 714
4496 3 757
4651 4 867
8386 3 853
6846 3 704
514 4 882
183 2 77
8273 3 1
4663 2 595
505 5 177
6384 1 692
8636 3 981
5434 3 873
455 4 455
7693 5 765
8652 2 553
3100 2 712
2161 2 360
8874 4 605
6940 1 128
6380 2 433
8763 4 280
1192 3 138
6326 2 437
2325 4 889
3152 5 14
6950 1 718
1834 5 973
1147 4 141
9344 3 430
6548 1 319
3139 5 747
9654 4 56
1780 5 3
6179 3 499
2929 2 182
1585 4 722
6112 4 961
8141 3 285
6035 2 14
1744 1 538
7222 4 841
603 5 569
7187 4 31
2665 2 385
9302 3 144
5562 2 221
6548 5 137
4476 1 804
4954 2 867
8843 5 33
3961 4 450
8942 3 774
1683 1 510
7967 1 991
4813 2 831
867 5 869
9655 3 439
3745 5 508
3645 4 367
3806 3 257
9450 5 330
7684 3 45
9748 4 363
4028 2 877
5228 5 93
8651 4 470
6305 2 341
3085 3 467
2939 2 24
7460 3 278
253 3 272
7106 2 545
7103 1 30
27 5 936
4823 4 435
7079 2 541
3035 1 442
1208 1 502
3409 2 452
5634 1 768
4396 4 680
8807 5 783
7384 3 224
1653 4 815
169 4 979
1384 3 688
4617 3 777
6028 2 32
7276 3 661
1388 4 392
4933 5 607
9738 2 341
5461 2 316
4860 5 972
7255 4 903
4660 3 137
8295 5 29
5397 3 182
4076 1 592
5067 3 601
1472 1 475
9115 1 188
3019 2 816
2666 2 31
7922 3 184
3222 5 635
3960 3 401
4287 2 658
6926 1 788
9372 4 979
7599 5 479
1148 2 875
6086 4 939
9244 3 107
9142 2 849
7360 3 657
7659 3 712
6244 2 340
9811 3 930
2646 4 696
9731 5 739
7107 1 254
820 2 293
3558 3 424
5084 5 219
6007 1 394
7906 4 765
8552 1 880
2977 1 484
7719 4 807
2709 2 785
8318 2 200
7054 2 792
1883 1 868
8666 5 511
9458 5 781
8078 2 208
9708 3 49
9091 4 950
105 2 941
2396 3 738
5312 4 241
4101 1 392
2029 5 616
8716 2 987
5888 4 779
6556 4 626
1793 1 660
5320 1 117
4018 2 427
6974 5 801
9122 4 322
9559 5 926
1975 5 876
2146 2 688
4303 4 51
1568 2 805
6222 5 84
9749 4 579
4403 1 595
8490 2 462
351 3 64
7498 5 551
5734 2 218
2496 1 647
9286 3 960
8560 2 834
5146 5 950
7302 5 79
7641 5 240
505 5 903
6096 5 525
9653 4 161
8385 3 905
9356 4 686
9063 4 705
5880 1 566
8559 3 954
7396 2 553
5609 4 485
4176 5 930
4080 5 738
4475 4 684
4712 2 222
5962 2 269
6367 2 89
9281 3 531
3733 3 856
6832 3 123
7621 5 467
1548 1 304
6641 1 646
674 2 265
9463 5 211
6818 2 262
9803 2 203
4016 4 867
8120 2 511
511 2 592
3107 4 327
8867 2 430
3760 3 749
9341 4 503
3745 1 995
7054 4 469
9831 1 531
3089 2 56
7551 5 814
733 3 529
9388 4 688
7328 4 169
1084 4 716
1856 1 118
7945 4 591
9571 1 465
6145 5 48
1677 3 660
6806 4 485
4 5 818
9801 1 93
7137 2 527
2845 4 195
2786 4 131
1184 1 344
5920 4 128
362 1 956
4088 5 489
551 3 218
2521 4 793
8036 3 951
8067 5 104
9876 2 20
1741 2 173
5021 4 871
6975 1 345
3995 1 630
1001 1 418
7732 4 417
5917 1 442
870 2 157
7780 1 703
9016 2 2
3829 2 477
9703 1 819
2773 2 637
720 4 78
8801 1 349
9590 3 453
368 4 237
6292 4 689
5230 5 399
8401 1 101
8204 5 819
3457 3 47
5651 1 648
2720 2 451
2517 2 4
9314 1 798
5826 1 147
7680 5 706
7521 1 794
3808 1 43
4643 1 65
7488 3 297
7729 2 170
7033 4 523
6528 2 427
9025 5 150
2731 2 202
9273 2 890
4878 2 494
3228 3 424
9666 4 482
5844 1 769
6603 2 568
9023 4 856
4425 5 686
9367 4 597
8082 2 681
5923 4 276
9474 3 389
9740 4 672
5490 1 248
351 4 384
5541 3 301
401 5 142
2853 3 631
3250 1 425
8199 2 437
2006 5 568
1500 3 426
5573 1 36
8578 5 190
6130 3 700
3727 3 619
1237 5 895
7154 4 834
2770 2 485
9340 5 368
4692 3 294
2130 3 923
6230 3 777
3597 1 205
8538 4 288
2837 5 471
3128 4 704
3076 3 86
7498 5 917
3917 3 560
103 1 595
9344 3 693
8772 3 144
2437 1 167
7433 3 30
7425 1 255
1591 2 979
1037 4 543
7392 4 896
7716 2 384
3767 2 645
7544 3 873
5846 2 198
3266 5 424
1671 2 419
8899 5 958
4038 3 948
6999 1 425
6152 4 588
343 3 332
8143 1 481
5115 5 445
5501 1 521
4412 2 852
8847 5 842
6779 4 862
3875 3 667
7712 3 745
3591 1 492
7042 3 75
8468 1 371
5610 2 314
7883 5 771
2754 1 529
9179 3 661
6970 3 35
1048 3 803
2225 3 93
3839 3 568
4592 4 56
2286 3 683
2181 2 39
3083 2 137
3348 4 214
3887 1 86
5693 1 490
1065 3 969
4534 1 27
2765 2 254
4154 3 689
3959 2 402
2046 4 781
2653 1 30
6450 3 256
3937 4 104
4413 4 393
2327 3 209
5447 1 407
6190 4 212
9396 5 695
2137 4 850
6246 5 371
1606 1 464
7178 2 965
7630 5 293
2005 1 785
5620 5 173
7820 4 809
5190 1 325
259 2 904
5177 3 811
27 3 12
4195 1 470
3177 5 973
1176 5 529
3391 2 812
4697 2 397
5408 5 636
637 3 4
3140 3 861
887 1 775
8341 5 705
4762 4 893
2756 3 505
339 3 650
1635 4 74
8252 1 584
6418 2 679
5585 1 11
9975 1 164
3137 5 678
4678 4 292
507 3 366
8586 4 841
118 4 388
7010 4 356
2815 2 45
1548 2 492
4161 1 149
7964 4 991
7113 3 394
1820 2 972
5596 3 588
8155 5 100
1598 1 467
6085 3 995
9286 2 879
3645 5 968
459 5 9
956 3 47
667 4 172
3680 1 776
3829 4 428
4198 2 935
1293 3 110
8628 2 162
791 1 625
7380 5 500
6875 3 281
4531 5 97
4860 1 411
5029 1 581
7074 3 589
2481 5 750
5528 4 533
2780 4 666
4702 1 444
7838 2 6
8914 2 928
2840 2 670
2843 2 926
7543 1 822
101 3 540
8906 1 667
9239 4 248
7237 5 203
5560 3 118
1804 4 628
4233 2 940
1196 4 893
1175 1 735
54 2 983
615 5 144
8396 1 405
3348 3 354
1112 4 770
6575 1 800
6866 2 649
172 3 677
3958 2 885
4753 5 860
8821 5 820
8087 2 334
8331 1 988
281 1 605
854 4 387
8820 4 213
3441 5 273
3214 2 866
5449 5 242
9279 3 162
2132 5 647
1587 3 727
5224 5 803
2934 2 295
8567 5 71
1128 5 915
9692 1 848
2679 3 62
2494 4 282
2588 1 398
622 5 317
9003 3 77
163 4 840
7427 4 589
9784 4 229
5114 2 898
2343 2 278
6904 5 497
3199 3 732
5749 4 862
9822 2 87
9124 1 209
7264 2 334
8192 5 101
700 5 300
35 3 208
858 3 824
605 5 269
8495 2 90
8146 5 382
3852 5 76
9458 1 986
1682 1 440
1561 1 770
8405 3 356
3483 4 861
8645 2 751
396 5 869
9179 5 545
9943 4 944
76 2 64
7911 2 487
5950 2 123
9523 3 624
5617 5 42
6511 4 709
2163 4 842
5998 2 133
7153 1 201
3491 3 899
9448 1 479
9418 5 695
3143 3 594
6444 5 641
2517 2 64
1520 3 320
1628 2 245
627 3 107
8813 1 893
7805 3 105
9418 3 78
7743 2 266
3386 4 581
5380 3 9
4006 5 367
2650 5 210
660 2 421
9335 2 323
5423 3 470
1979 3 707
4921 5 656
1319 5 219
8723 1 707
3780 2 579
7380 4 407
2402 3 212
2083 5 972
1612 2 453
7268 3 319
243 1 393
5598 5 754
2482 3 597
9412 4 132
8575 1 423
9268 1 76
9486 5 943
7964 5 719
7325 1 472
4333 1 582
4405 5 386
89 4 745
3020 2 386
8485 2 824
4347 5 777
9802 4 466
2569 5 354
9559 4 362
4390 3 835
6846 4 872
3201 1 113
9520 4 219
3507 2 412
6034 3 423
8844 2 892
6778 5 941
5422 2 786
4540 4 814
3498 2 119
6723 3 467
7891 3 142
6412 5 325
1943 1 213
4608 5 963
4300 4 233
1777 1 87
5493 5 494
3090 3 805
1914 3 655
437 1 628
1111 4 832
7754 5 932
6065 3 162
7250 3 954
7119 2 507
1700 3 268
8942 5 763
9527 5 431
2501 5 971
5142 1 491
3165 2 619
4852 4 157
3229 1 927
210 3 43
1604 5 938
8765 5 530
3024 3 170
6259 2 426
7643 2 399
5810 4 805
5688 5 901
6812 1 463
2692 3 694
6141 2 719
2318 4 327
882 1 915
5344 1 696
3666 3 330
9778 5 980
2129 5 77
5590 1 783
4825 1 709
9037 3 73
5730 3 209
831 2 596
4429 4 702
581 5 708
9320 1 725
8924 3 877
7659 4 3
2390 3 376
1720 3 73
770 2 295
103 5 399
2339 3 840
1738 3 567
1099 3 561
2964 4 471
7797 2 592
5943 2 619
8648 1 494
5642 2 857
3454 5 332
1670 4 170
4562 4 636
7194 1 848
9496 2 553
707 4 738
4603 4 699
6387 3 704
2950 5 692
6838 5 487
2742 2 719
5340 2 156
7855 5 485
9339 3 510
5324 3 401
5807 3 632
1014 3 239
8242 4 330
3304 2 105
5391 2 595
5874 5 151
4390 5 953
7505 4 589
614 2 148
4390 1 920
9773 5 804
3776 4 348
8197 3 600
9308 3 242
3004 4 847
4201 1 352
3448 3 932
1703 1 632
5393 2 993
4720 5 38
1502 2 706
6965 3 18
2605 4 62
7794 5 31
3094 3 823
7673 1 43
4928 1 817
4808 2 549
1746 3 173
7280 1 535
3421 1 364
3526 4 855
7145 4 823
994 3 864
259 2 931
9672 1 259
7331 1 789
4272 3 291
2023 4 828
8354 4 115
1645 3 676
8766 4 517
6537 3 726
6396 3 922
5435 4 814
9801 4 714
8892 5 417
8908 3 56
7739 5 204
7524 3 301
8458 3 705
764 2 25
3655 4 971
4765 3 641
7465 1 522
2882 1 335
6215 5 853
6145 1 465
8234 2 438
9767 5 954
2841 4 260
5825 4 847
3547 3 291
7425 1 430
7098 5 70
5305 4 734
3980 2 17
680 2 380
3434 5 709
2567 3 128
6581 1 841
4883 4 940
9477 5 27
6096 3 795
1786 2 710
8254 4 506
8062 3 48
6922 2 877
1864 5 25
6510 4 579
6491 2 337
9702 4 484
5137 5 639
5641 5 650
643 3 581
8745 5 24
3202 1 951
1562 2 257
9309 5 526
9553 4 548
3700 2 974
5170 5 647
9245 2 822
3559 1 651
8292 4 827
1119 5 51
9584 2 192
5709 1 11
2793 5 653
6313 5 575
7322 1 241
9426 1 894
9132 5 57
9296 3 252
77 4 304
5783 1 296
9013 3 18
3766 4 186
5016 2 599
9366 3 708
2847 5 724
2384 5 112
8935 4 810
5489 1 956
6915 5 326
7471 4 455
5408 3 311
6856 4 450
4918 3 981
1061 1 918
7137 2 769
1292 4 251
2828 3 445
727 3 494
9543 2 150
6942 4 453
1804 4 873
3649 2 254
5962 5 885
7377 5 999
1976 5 298
3880 5 100
144 1 836
9896 3 405
3504 4 486
9226 5 149
4763 5 197
6234 5 873
7126 2 386
4012 4 86
518 5 342
8088 2 545
5765 2 705
9311 3 106
3319 1 979
6207 5 136
5615 5 39
158 1 761
3878 4 121
6027 1 446
2790 1 423
9329 4 360
8571 1 954
9520 2 369
734 2 195
4997 5 150
7108 1 675
6577 2 685
961 4 235
355 1 758
3833 1 3
4445 5 202
2561 2 237
4266 4 902
1366 5 284
2502 3 498
1536 3 15
6855 1 902
9176 3 724
7588 4 70
8857 5 115
7591 5 772
4730 2 437
6981 3 23
2599 4 908
9353 5 262
8343 4 713
8368 2 55
9252 1 833
4587 4 294
578 3 436
7586 3 223
9891 1 184
2312 5 952
756 1 272
2474 3 71
4053 3 727
5758 1 970
860 1 122
3709 1 369
1443 1 25
6966 1 257
1155 2 665
953 3 36
7527 3 909
9925 1 193
5471 5 750
8212 3 884
9578 2 988
5563 5 636
438 4 9
1672 1 522
1913 2 219
6070 5 513
1754 4 424
2204 5 928
5897 2 892
3900 5 985
4449 1 198
2831 5 350
1731 4 978
6835 5 343
1527 1 544
9476 3 19
6215 1 55
3457 1 390
539 1 361
9429 5 44
2872 3 55
9237 4 409
4400 3 183
5505 3 273
633 2 135
9281 2 271
396 4 814
2717 5 15
9797 5 159
5789 2 711
9793 1 684
2008 4 789
60 5 489
8801 2 437
3958 5 414
3651 1 570
4878 3 602
1589 2 288
7792 4 881
1878 1 90
5376 5 645
7143 4 366
7407 5 910
8012 1 746
4265 4 282
940 1 973
9950 2 998
5228 4 917
5798 3 257
1314 2 198
6099 2 897
6571 3 386
8747 4 510
8329 4 637
6952 4 400
5641 4 788
1240 2 539
2210 3 744
3076 3 638
4178 4 763
9837 4 910
8283 1 80
7502 3 399
985 1 571
6462 2 649
1008 3 231
6318 1 460
9422 4 508
3009 5 373
1650 2 865
5711 5 471
228 4 982
7679 2 111
1547 4 740
1502 1 327
274 2 824
1545 2 987
2727 3 746
6840 3 780
224 5 295
3312 2 299
8716 4 93
632 3 862
6744 3 352
395 3 667
2665 3 102
1321 1 851
9174 4 37
7335 2 987
926 2 221
7111 3 554
1942 2 220
15 2 86
429 3 436
5022 3 196
922 3 455
4784 5 172
8903 5 107
3976 2 593
3468 5 820
3001 3 30
3725 3 633
8237 3 360
7829 1 416
589 3 254
5211 3 298
4858 1 886
4866 3 867
8201 3 373
4501 2 786
198 3 55
7980 4 479
64 3 789
3462 5 103
7981 5 590
3586 5 880
4063 4 13
3463 1 349
3796 4 499
93 4 88
9684 4 746
2464 5 796
7128 4 848
907 4 538
7188 2 58
5083 1 454
2633 1 448
8979 3 25
1570 4 951
2961 1 168
7162 1 658
7446 1 666
6521 3 911
9709 2 271
7273 5 92
6931 2 569
3250 3 85
6068 5 642
4618 1 49
2784 3 435
3810 4 611
9019 4 317
4174 4 443
7155 3 92
5905 3 828
3465 3 995
2731 2 648
5390 2 711
3043 3 568
1335 4 222
6340 3 881
3420 2 506
1729 4 578
2094 1 612
174 2 87
7385 4 794
9561 5 268
5303 5 116
6077 1 84
4469 5 523
9344 3 86
2214 2 940
3569 3 794
9085 3 567
888 2 664
1226 5 900
8839 5 518
9730 1 593
8449 2 369
2886 5 268
7950 5 949
9141 2 703
1559 1 872
4544 4 120
1825 1 796
28 2 544
2424 5 512
828 1 705
6280 4 423
3920 2 336
2684 2 510
5160 2 509
7393 4 618
4600 3 922
2472 5 290
93 2 705
9192 2 362
1113 1 187
9221 3 370
7485 2 259
4963 3 653
4843 1 630
8040 4 653
6488 1 838
4348 2 112
7639 2 389
6864 4 499
8716 3 366
8167 2 145
9087 5 359
5194 1 98
6572 4 338
9217 2 179
69 4 331
1210 1 93
1861 2 33
5959 2 519
5248 1 367
6697 5 671
2414 2 276
6522 4 202
2290 3 962
8530 4 950
5801 1 64
1525 3 22
2965 3 958
5411 3 527
4644 2 388
2422 4 368
5876 2 8
8328 2 592
3676 1 52
2406 2 348
8271 2 313
386 2 881
1478 3 137
2478 5 498
9214 1 588
7597 3 542
3123 2 304
1175 1 536
2625 5 827
4683 1 866
6794 1 360
8560 5 142
3586 3 965
4167 4 829
3036 3 281
11 4 436
8359 3 11
7529 1 90
3704 5 65
1645 1 738
1265 2 989
4262 1 735
4717 4 79
1652 5 561
7555 5 317
2001 1 603
4988 3 532
6464 5 309
4887 4 661
9163 1 717
623 4 974
3805 4 902
1636 4 604
9610 1 349
1438 2 252
244 2 226
908 4 893
1785 3 747
70 2 991
2803 3 990
9985 3 988
1826 3 277
1902 3 854
5658 3 803
5871 4 225
9421 2 72
5415 3 465
7625 4 206
9061 5 607
7625 3 744
1417 3 358
3969 3 466
4798 2 378
7730 3 235
2465 1 865
7149 2 14
6708 1 823
9734 5 820
2618 5 176
8305 1 3
5333 3 997
8134 5 373
1244 4 680
7579 3 941
3844 2 223
6540 5 823
7504 2 750
6326 4 282
8752 3 173
932 4 618
9537 1 684
5473 1 124
1838 2 261
2370 2 778
9421 4 640
176 4 593
6997 2 471
6730 5 164
3666 4 353
3240 1 433
6696 4 211
3919 2 464
937 3 936
3524 5 393
3773 2 838
6310 1 310
4257 4 111
812 1 77
7179 4 912
1635 4 416
4356 2 677
8669 4 736
8044 1 966
4671 3 644
9476 2 207
6064 1 875
9747 1 678
4288 5 682
7328 5 641
7891 4 41
682 1 870
4351 3 982
8370 3 912
1694 4 335
2749 2 620
604 3 734
1355 2 225
7169 5 410
6867 4 639
9007 1 726
4665 5 154
1146 4 179
9251 4 752
5587 2 565
4478 3 350
7226 5 785
8029 4 856
1134 4 700
3106 3 585
5069 3 835
395 4 645
8568 1 938
4380 5 410
8304 1 160
7498 5 985
6841 4 842
7986 2 179
5692 4 510
3677 3 67
9556 2 293
4801 3 207
4873 1 793
3164 2 944
6789 3 405
188 4 235
7546 2 709
5590 4 548
5829 1 264
3675 5 900
8694 1 986
522 1 724
2640 2 409
3252 2 200
5869 1 347
9175 1 171
9147 4 50
9914 2 767
6159 3 467
2083 2 198
6372 3 563
2769 5 793
3604 2 897
1182 5 965
7797 3 703
1607 4 187
5265 1 768
8973 2 526
2376 3 108
8567 3 179
8152 3 990
1631 3 108
9013 1 382
8514 5 617
8474 1 51
1524 1 106
5920 5 375
811 2 185
438 1 590
3978 5 504
304 1 829
2597 3 954
7142 5 588
4745 3 709
9457 5 718
4956 4 987
767 4 871
5162 1 284
1752 1 489
3653 4 839
3456 4 984
9693 3 11
3838 4 664
5314 3 96
5678 5 866
4218 5 383
9882 3 184
3095 2 755
8445 2 17
5829 2 262
3332 2 627
5388 3 876
7533 3 375
6986 2 155
5913 1 393
1369 5 426
1512 1 266
7246 4 409
869 3 7
4335 4 86
8673 3 107
6773 5 307
893 2 656
3985 2 925
2531 2 87
8071 3 682
8125 4 171
5793 5 193
9977 5 839
2759 1 992
8844 4 21
1131 1 682
3853 5 164
4746 5 803
2785 5 52
6752 3 406
150 1 227
4014 3 545
5713 3 475
6893 3 700
8781 4 875
6418 5 346
4492 1 781
5224 5 570
3618 3 424
4364 4 696
3403 3 609
4937 1 925
8182 1 73
5162 2 601
2330 2 648
5447 5 586
6488 2 519
6612 2 200
3673 3 540
1539 2 974
9810 3 692
8031 5 774
1649 4 661
643 4 375
538 1 446
6647 1 574
2190 3 244
250 4 666
2113 1 692
4394 4 820
9875 4 594
5860 1 505
6127 5 341
1121 4 261
1091 2 158
9044 5 962
6317 5 785
8371 5 810
5554 2 148
8409 1 236
3960 1 250
6775 3 781
7111 3 400
1761 3 92
1720 3 777
8405 2 972
5468 3 788
2033 2 478
6137 4 244
7016 1 401
8288 4 601
2653 3 597
196 2 808
7687 3 351
2000 2 459
1962 2 497
9468 4 585
