295
2880 4 397
6626 1 892
3685 2 35
4200 1 564
4363 1 544
1933 1 39
8140 2 305
2584 5 117
4314 1 124
5973 4 801
6131 1 22
9675 4 853
6928 4 916
3768 5 427
8216 1 235
6814 3 591
3047 3 905
5166 2 977
528 3 188
4072 5 176
6116 5 854
7564 5 313
562 5 857
5743 3 353
7190 4 76
3211 5 514
2132 1 204
8099 3 616
3268 3 34
8070 2 83
8963 2 444
9938 5 998
4625 5 273
6797 4 547
6312 4 8
8658 2 838
7323 2 19
9356 3 515
4015 1 367
9577 4 523
7009 2 461
5651 5 752
6459 3 54
4650 5 977
7937 3 712
7830 5 772
7716 2 288
9579 1 600
5247 1 827
4028 5 82
2117 5 201
4703 3 498
4367 3 583
4808 2 899
4082 4 16
3676 4 935
2752 2 315
8103 5 648
5506 2 614
4845 4 56
9564 3 609
2938 2 540
684 3 261
2538 1 774
4518 2 823
5326 1 185
3310 2 300
1559 5 904
9361 5 302
6682 1 503
5994 3 406
1946 3 208
3882 3 394
1088 4 444
3681 4 673
6317 2 471
7464 4 346
125 2 541
6374 1 871
5815 1 286
5726 2 635
9055 5 766
7360 2 741
9112 1 745
6354 1 403
1559 5 369
3253 2 804
8716 5 53
9379 2 17
987 4 314
8971 5 267
9977 1 551
3286 5 182
8600 5 638
6553 3 582
727 4 303
4882 5 710
4287 4 164
3811 5 562
2980 1 30
8622 5 921
2395 2 995
1108 5 848
514 4 121
476 5 872
4872 3 459
9127 3 266
7593 4 669
5014 3 558
1245 4 912
7848 2 900
126 4 295
8994 2 215
8370 3 203
6055 2 960
6596 3 36
4694 4 156
8799 2 11
880 5 336
5804 2 875
9967 5 733
3888 5 276
8142 3 999
6967 1 838
1628 4 952
1288 5 526
2314 5 275
9124 5 550
8793 2 209
5526 2 571
3605 3 233
2738 4 904
1426 1 628
1590 2 925
4394 5 331
7322 3 571
3134 5 35
9996 4 489
2128 5 812
3938 4 121
6005 2 532
4353 3 755
8305 2 515
2922 2 4
6870 2 162
2326 3 619
3075 2 630
6893 4 682
8059 4 939
5353 3 998
9795 4 268
2247 4 266
7871 4 849
9608 3 897
9683 2 460
5545 1 923
418 2 698
4585 3 328
8104 4 223
448 4 779
2339 4 434
4513 3 158
1200 1 92
6229 2 631
8005 5 363
8308 5 502
4348 3 961
8373 5 101
5651 2 298
770 1 698
8954 5 269
4260 4 996
392 1 630
5412 3 163
6899 1 496
9188 3 589
4924 4 558
8458 3 315
7609 3 756
3188 1 113
2137 1 171
2331 5 156
5422 1 96
6241 3 916
9706 5 944
7293 5 986
119 3 999
1711 2 315
9247 2 51
7542 5 263
7012 2 283
2825 5 922
9795 1 932
6378 2 568
6439 4 405
5431 4 598
5830 5 121
2128 4 966
7705 4 338
2243 4 952
8168 3 455
1567 2 729
3010 5 751
5643 1 91
5448 5 226
7060 2 246
3173 4 259
9969 3 788
1969 2 337
6146 4 355
6556 1 236
4394 4 481
9570 1 128
3801 1 321
2527 1 774
2542 2 693
7355 1 36
8944 3 282
2019 4 518
7744 2 568
477 1 347
9650 3 737
6587 3 739
722 2 932
3560 4 800
9986 4 6
3775 4 291
8677 3 774
312 5 975
5814 4 636
4667 5 97
9888 3 925
9683 3 137
5503 3 163
4983 1 998
5843 3 900
7854 5 244
4157 1 659
5194 4 383
9780 2 693
5002 5 985
4300 5 303
1471 5 53
8028 1 935
6768 4 592
8876 1 85
8635 3 140
4054 5 716
4338 2 38
2641 2 639
9390 4 12
7948 3 883
4888 5 729
1347 2 118
1837 2 251
8945 5 34
6611 1 196
1839 2 833
1271 1 115
3933 4 772
8586 2 774
2017 3 602
9393 2 682
7555 4 116
8764 5 435
5431 1 687
2799 3 104
67 5 865
2030 1 371
1697 1 642
1530 4 687
3044 2 119
1098 1 918
5642 3 587
7659 3 907
9760 4 978
9685 4 553
1739 5 336
972 3 627
9253 4 119
6776 2 373
8587 3 736
6442 1 304
3761 4 189
1097 2 2
4253 3 773
6508 1 781
4779 3 563
1508 3 840
5915 3 408
3646 4 576
5477 4 88
263 2 615
633 1 535
8282 3 493
7454 4 60
2984 5 472
7523 4 454
6592 5 66
1527 3 521
5382 4 174
4679 4 86
1784 5 633
6219 3 998
6110 2 182
9801 5 221
6493 1 849
3987 5 54
5398 5 173
6410 5 397
6970 4 414
4588 2 69
8727 4 253
3466 4 575
3885 5 191
1253 1 70
8424 5 515
2701 5 608
7004 4 663
1080 2 748
6740 4 914
6361 3 513
739 3 455
7343 1 593
1606 4 843
5065 5 98
2162 1 615
788 5 609
2170 4 752
5766 2 247
9201 4 964
2699 4 774
8241 3 961
1594 4 380
6110 3 398
3832 2 966
2205 2 225
3345 3 452
2933 3 988
2362 4 831
8792 4 262
403 4 35
9807 1 497
5675 1 554
6751 4 802
9496 3 760
266 2 943
6951 4 931
1413 2 732
7574 1 182
3376 3 487
9242 2 654
5068 1 788
2482 2 979
3616 3 471
3284 5 642
1841 4 939
4701 1 686
3936 2 439
4848 4 384
3849 1 473
2570 3 474
9843 4 666
6351 4 510
1796 1 226
8358 1 239
1907 3 508
7990 3 399
9139 3 468
8163 3 633
1801 5 668
1021 3 289
4173 4 228
7269 5 32
9220 3 522
8401 1 827
7467 3 418
9626 5 260
6261 5 363
7126 4 750
3493 4 99
6416 4 122
8730 4 453
8443 5 221
6862 4 159
8191 5 240
9426 4 94
5046 5 997
7283 5 284
7379 3 270
2890 4 346
4822 1 963
3317 4 574
7693 2 101
3590 3 649
6392 3 790
9266 3 809
2541 1 850
1407 1 804
3143 5 103
5689 3 537
1952 2 373
7172 4 600
6361 2 316
8368 1 412
4998 5 518
4427 2 242
385 3 892
8348 2 771
5278 5 6
348 1 779
5716 5 314
921 5 825
8289 1 709
7974 2 622
4166 3 828
8113 3 167
9541 3 543
9085 2 884
3007 5 649
5107 3 873
9099 2 189
2304 5 217
5373 1 797
5147 4 199
7446 3 822
4385 1 42
4623 3 79
6970 1 302
8349 2 633
5767 3 913
6944 1 68
6200 1 259
1726 3 72
9517 5 661
6857 3 26
4715 5 137
9996 5 346
666 1 914
2683 4 364
2442 4 67
2475 2 47
1405 1 538
9576 5 325
5183 5 755
4579 1 463
4659 3 58
5148 5 120
3619 1 13
3819 5 533
8119 4 742
9147 3 602
9998 1 534
8818 3 622
5482 2 983
4190 3 599
150 2 552
45 2 578
5856 5 111
9312 5 595
9055 5 655
7948 2 467
6573 2 589
7307 5 680
6662 3 321
4587 4 675
4120 1 768
9546 5 184
4767 4 953
9239 5 926
1940 5 552
842 4 589
8897 1 858
2796 1 6
9077 1 251
3606 3 311
9439 2 561
2566 2 289
9394 2 759
3238 1 878
3638 1 706
4370 4 429
6131 3 285
1864 3 176
7189 2 82
697 1 64
4494 3 700
4498 3 652
159 3 988
6532 2 417
8042 3 838
7754 3 456
3520 4 534
216 2 530
3779 2 270
9700 2 596
5298 4 919
9248 4 620
9282 5 765
6977 4 9
2431 4 621
992 3 452
1659 5 232
1655 1 128
537 1 360
319 3 358
7307 3 15
2812 3 140
2852 2 602
7663 2 986
285 3 716
3068 1 398
570 5 252
9449 4 186
7824 4 53
9972 1 308
1875 1 661
5553 3 756
5198 4 616
9684 4 569
4803 2 65
3747 1 510
6978 2 755
1979 5 283
3488 1 582
6930 4 470
1961 4 487
2902 2 676
5432 2 113
5575 2 679
8012 3 730
7575 3 860
7378 5 485
9049 5 626
1051 2 548
5187 1 993
8912 2 455
158 5 799
193 3 167
9027 2 308
5353 5 924
3596 2 273
3201 3 134
1047 2 568
6356 3 890
3466 5 217
1635 5 475
2042 3 299
9644 4 942
7820 2 989
9807 1 764
7676 3 830
9498 4 982
7643 3 19
6446 5 585
202 4 652
2693 5 305
3485 2 400
706 5 605
1339 1 536
4945 4 811
9180 4 430
2443 3 57
6690 2 285
1696 1 95
9429 3 89
3590 2 508
5359 4 487
5813 5 844
1389 2 449
7159 1 451
409 5 474
1095 4 210
1772 3 527
1623 1 480
1769 5 728
6494 4 472
3022 2 804
154 1 314
6819 3 493
1292 5 244
7004 1 23
567 2 81
396 2 724
6071 3 147
9958 3 322
1030 1 404
767 2 924
8095 3 794
6159 2 128
