55
944 917 456
648 708 718
641 419 247
29 580 702
453 547 595
4 10 236
359 948 92
925 768 636
36 409 488
29 782 604
806 484 785
74 965 460
326 585 117
421 74 88
462 950 839
499 232 740
715 333 497
278 271 821
958 728 471
354 510 21
195 444 359
261 51 809
859 450 647
526 77 976
116 351 969
44 101 718
967 159 51
744 875 592
972 265 171
243 962 887
493 372 997
889 258 50
392 118 594
158 936 788
640 975 620
294 50 846
620 383 472
570 108 245
995 899 691
242 638 277
975 318 752
701 926 835
993 654 190
423 614 396
935 210 688
569 323 83
70 311 809
719 728 601
429 82 76
153 347 249
670 340 245
695 278 59
952 404 242
840 474 292
233 903 702
912 330 885
962 38 744
115 464 450
790 348 22
40 869 335
348 670 618
33 348 651
393 907 197
425 384 260
527 259 195
131 313 250
199 384 757
461 179 649
2 974 322
180 883 759
621 449 673
804 384 117
434 58 514
759 19 704
981 129 213
881 18 422
342 973 870
223 424 232
491 950 600
94 538 142
915 9 168
930 23 10
541 291 587
175 679 596
956 96 434
718 443 929
353 197 887
651 642 186
849 834 197
374 194 675
919 330 470
23 408 895
141 25 228
557 612 325
90 507 530
755 535 461
858 66 921
327 451 456
121 498 895
283 950 108
296 400 757
897 225 770
279 452 779
755 212 43
395 885 84
299 865 682
762 547 451
378 335 2
69 830 367
729 624 843
