70
924 131 627
573 464 896
864 5 252
498 50 357
409 987 278
375 433 377
843 552 971
619 535 501
631 103 343
874 231 833
831 969 124
665 943 410
437 914 90
191 273 926
492 815 801
291 626 556
373 694 976
701 343 394
3 1 821
732 812 473
221 369 129
372 192 943
792 247 729
164 20 576
10 375 342
386 478 604
269 22 121
329 821 693
725 91 723
260 612 185
798 765 161
305 263 145
918 656 296
20 261 133
710 700 286
526 772 794
433 180 340
418 886 259
110 927 307
592 122 974
746 764 69
282 838 529
665 984 101
924 693 755
306 602 439
747 80 884
739 504 327
229 254 408
671 156 130
154 87 105
436 554 475
315 453 302
102 95 119
806 596 866
14 259 249
460 67 133
429 479 344
997 776 458
730 681 800
114 633 815
361 206 843
892 849 677
194 387 267
311 374 31
406 329 97
7 359 582
529 825 547
304 540 738
545 632 495
193 468 706
957 363 82
516 689 666
779 340 544
493 621 514
83 260 29
474 591 656
103 635 939
927 370 963
940 144 688
306 411 195
367 912 177
617 954 616
849 2 160
702 645 949
11 509 442
114 544 396
851 269 696
220 597 524
570 920 687
614 990 882
598 267 127
389 57 6
997 799 284
600 924 835
292 787 400
719 513 263
737 614 418
357 925 261
893 851 323
11 250 475
162 333 991
329 732 262
571 741 983
714 14 462
631 740 587
520 993 150
14 877 427
327 670 438
18 254 857
852 518 105
321 882 797
490 819 786
935 128 335
438 165 326
980 852 932
755 613 24
631 646 91
708 206 122
862 181 938
420 528 353
992 187 318
263 42 194
219 900 252
399 847 609
801 879 764
635 342 859
85 128 40
326 463 680
660 784 977
229 885 944
833 212 136
866 542 323
241 582 825
606 754 748
209 977 930
965 313 76
705 662 446
893 405 941
891 428 524
273 649 314
