37
788 877 722
311 839 980
241 827 606
504 218 375
528 686 147
483 396 79
278 450 577
852 241 858
286 143 819
450 891 119
431 443 952
216 922 470
627 72 375
647 268 475
32 73 345
573 127 824
825 221 924
166 517 943
917 945 196
300 213 316
790 346 103
726 782 562
932 48 83
353 870 605
954 560 656
897 602 690
125 978 78
978 253 909
207 744 750
978 446 428
427 721 70
385 295 878
854 89 688
963 514 704
72 203 436
170 788 249
518 26 962
457 405 162
400 911 27
535 989 519
167 35 966
964 470 651
160 290 668
295 284 867
819 130 566
616 430 147
167 307 127
768 630 559
582 414 597
774 730 204
613 49 389
729 967 111
335 579 742
582 297 986
806 510 960
183 744 262
597 95 106
548 60 248
416 562 394
846 425 797
942 792 335
841 826 321
636 638 103
812 158 211
321 343 229
921 829 564
344 832 69
715 693 282
69 821 767
565 965 413
748 270 86
430 305 926
554 556 658
384 384 759
