622
1905 2 942
7756 4 464
1620 3 14
69 4 30
9661 5 972
6648 3 126
6824 4 525
8234 5 616
3640 2 916
8040 1 149
3380 1 192
9968 4 773
3745 3 973
9643 1 747
9414 2 997
1067 5 619
3187 5 119
6076 3 271
5493 2 746
4373 2 827
5621 2 217
4563 5 914
8358 5 202
2111 5 267
2351 3 507
4105 1 945
1964 5 357
5502 4 196
252 1 626
8292 2 548
8304 5 144
6526 2 489
2626 5 484
981 3 932
3928 1 102
9594 3 484
4809 4 156
8148 3 240
3747 1 310
5593 1 17
4572 1 966
5166 4 891
1065 3 809
148 4 300
4706 5 140
1590 4 125
685 2 753
8929 1 762
2815 2 249
5968 4 477
7421 5 42
7323 2 498
2496 2 955
2769 2 860
6315 5 951
855 1 551
1451 3 871
2887 1 263
3610 5 150
6282 4 65
502 3 961
9252 4 51
7079 1 77
871 5 856
1865 1 526
1612 4 97
7456 2 517
7916 3 428
4107 1 49
9938 5 314
9712 5 566
8742 1 748
3389 4 475
7951 4 245
5286 2 339
7724 5 80
8597 2 5
9707 1 188
8272 3 390
5547 1 316
7615 5 184
9049 3 218
6304 1 211
375 1 737
5977 3 174
6851 4 293
8598 3 671
5592 3 490
2861 3 979
9325 2 646
1177 3 901
8833 1 983
6217 5 418
5472 3 390
4643 5 969
7836 1 215
5180 4 33
7444 1 573
8519 2 265
3380 3 955
5840 3 110
4795 2 936
5879 3 589
9696 1 193
4674 1 666
3916 5 816
4165 1 682
7524 1 228
4596 5 959
5977 4 377
6870 1 291
7346 1 96
8776 2 484
3239 1 26
8802 5 553
7215 3 580
8872 4 894
2385 2 570
2816 5 351
6609 5 33
6942 1 769
1569 5 583
7763 2 564
8804 5 958
9791 5 114
6114 1 738
7106 4 72
1594 2 816
4429 4 314
7582 5 639
2668 5 265
1543 2 570
2647 1 366
3424 1 177
7751 2 212
7343 4 763
2791 1 358
9389 5 560
9553 4 537
2971 5 701
5611 1 74
1869 5 623
5190 5 609
4118 3 244
8700 1 372
562 1 216
3451 2 572
3227 1 924
3889 5 130
4129 4 997
3198 3 642
6927 5 545
215 5 39
1157 5 966
1086 5 842
1492 5 207
6349 2 587
8329 5 662
3001 4 104
1822 2 460
3453 5 859
9857 2 70
1297 1 786
9851 4 721
3119 2 52
3831 5 888
9811 3 909
9026 3 174
7212 3 781
8949 4 240
2746 3 569
1799 1 974
5979 3 121
5493 2 335
2606 3 296
9544 3 625
6705 5 773
8908 3 207
636 1 19
8378 1 728
9023 1 633
7188 3 736
3165 4 584
4187 5 484
2798 5 234
2322 5 502
6820 2 396
1493 5 510
2194 4 424
5829 2 56
8292 2 868
9344 3 951
317 1 198
6383 1 383
5504 4 921
720 4 132
7976 4 435
1761 4 571
6611 4 600
1679 5 945
9117 3 211
2736 1 197
5814 2 794
9653 5 769
3392 5 618
2628 3 994
3371 5 740
8896 2 433
5876 3 928
374 2 888
9239 1 39
5011 2 256
9690 1 213
6705 4 643
5365 2 838
5428 4 16
8993 4 448
63 4 169
8847 5 897
6600 5 200
5006 1 905
610 4 424
477 3 341
8584 3 810
9048 4 87
8297 5 916
4942 4 510
3323 5 587
8563 2 7
8808 2 437
4187 4 536
5413 4 272
156 4 439
16 2 273
6233 4 380
4476 2 504
8247 2 363
8898 2 89
7568 5 867
1521 1 898
9770 5 138
7754 2 929
5970 3 71
6084 4 504
2846 5 182
3939 1 71
6392 3 144
1318 3 768
9934 5 964
2308 3 726
7924 1 757
720 2 680
9056 2 108
762 2 244
7664 4 666
1624 2 525
3576 1 536
5754 5 699
3913 2 342
3542 3 680
8238 5 861
2418 2 680
2294 2 645
5379 5 9
2308 4 659
9883 5 311
3342 2 925
9569 5 90
2495 1 848
4634 3 429
5998 1 368
6143 5 36
9669 2 670
7410 1 142
3582 4 208
9031 1 140
5131 2 697
8757 2 630
9092 1 639
117 5 594
347 2 825
3504 3 672
3569 5 956
8437 2 666
6196 4 583
6532 4 303
8220 3 795
3538 2 796
8044 4 830
9916 2 340
9319 3 647
8799 3 807
2136 5 882
7193 4 80
6006 5 317
98 5 705
9935 3 262
5536 2 911
4238 5 813
3390 5 263
4435 3 118
6990 2 418
8006 4 677
1526 5 987
7460 1 103
5467 1 494
9765 3 203
773 3 367
2750 5 313
2111 3 200
5614 5 353
8029 3 720
9269 5 678
446 2 515
6229 4 975
356 2 1000
4832 1 532
1047 5 82
7431 3 389
6077 2 993
2534 5 483
5904 2 891
2409 1 986
62 5 200
2823 1 184
5950 3 39
4267 3 676
1156 4 425
3325 3 112
2500 5 531
1394 3 101
925 3 148
1742 3 516
9948 3 722
9561 2 385
3402 5 161
589 4 254
8612 3 653
2721 3 8
6426 1 122
6466 3 491
9324 4 620
6811 4 177
5489 2 225
4061 1 765
4018 4 365
218 1 227
5904 2 882
8033 4 928
3723 2 309
9981 2 816
1188 1 567
6850 3 370
1336 4 868
6050 5 128
2954 3 653
2669 3 46
8534 1 665
7552 3 790
5285 2 109
9195 5 962
2749 5 401
6156 3 716
4205 5 631
4919 1 550
4079 4 500
914 4 305
6878 3 29
631 2 757
2810 5 483
4772 3 736
4654 3 112
2776 3 418
7063 4 797
6359 5 888
5533 4 791
1200 1 860
1468 1 649
2402 3 905
9273 1 132
2300 4 930
1747 2 383
4191 2 951
6446 4 401
2840 1 909
7109 3 640
9929 1 95
1852 4 580
5083 1 707
7943 5 438
3548 3 816
5684 4 516
4437 2 995
982 2 432
2265 5 894
8715 4 884
5689 2 787
6759 5 217
912 5 568
2400 4 505
4018 2 719
4787 2 330
4614 4 243
6569 5 799
8434 4 626
8990 4 910
7471 1 492
9035 5 598
8425 2 346
9913 3 436
407 1 368
7820 2 454
4762 5 881
2161 4 894
8663 2 278
1718 4 293
1680 3 18
693 3 198
3999 4 698
1332 3 780
5688 2 613
3447 1 223
3980 1 46
1700 4 891
2637 5 661
8901 4 179
326 2 903
1402 4 211
8612 4 120
629 4 35
7250 4 218
2720 4 901
6766 5 688
5737 2 661
8055 4 666
318 2 178
3234 3 968
1690 5 507
1834 5 707
4123 5 388
1587 5 114
5592 2 5
9627 3 576
3390 3 480
7330 4 84
2796 3 967
6067 1 740
9371 1 936
1906 4 304
6506 5 445
3703 4 858
4851 1 937
5998 3 407
4632 2 873
418 1 777
8512 2 849
9293 1 873
582 5 654
2910 4 753
7838 4 129
4463 5 12
1290 1 354
5311 2 27
6384 1 870
536 4 966
231 5 774
5784 5 216
7914 3 42
7746 2 861
7002 4 514
94 5 696
9448 3 928
2815 4 401
9566 5 771
4810 4 95
8159 5 985
3841 4 127
9486 1 468
9842 5 286
6705 1 167
7488 2 822
1464 5 538
4784 5 161
8442 5 650
8918 2 833
7523 3 328
6213 3 674
6142 2 395
7046 4 59
3872 2 302
4003 2 880
5606 5 962
299 4 760
2936 5 512
1643 1 524
7344 1 857
822 3 691
8860 2 745
9310 4 71
2575 5 483
2276 1 85
2965 3 305
5083 2 585
5010 3 359
3179 5 985
5134 5 325
2866 5 613
8395 1 408
3334 1 529
5837 1 758
3766 4 48
3888 4 940
9071 5 638
3069 1 366
8120 4 10
163 1 824
5403 2 304
4918 2 934
3092 5 28
3095 3 808
462 4 139
7873 3 543
7489 3 637
3174 2 505
677 4 581
7980 2 10
6569 5 91
7698 5 77
4295 5 794
1984 1 986
1676 1 781
7503 4 703
799 1 184
7012 1 416
8858 3 568
8720 5 57
2113 2 660
4146 2 928
8094 2 936
1933 5 681
2246 2 420
744 2 903
658 2 36
3556 5 536
282 5 972
8579 3 894
9843 3 869
6435 1 924
8978 3 608
6570 5 267
9836 4 140
9393 5 831
1903 2 405
8291 1 61
6261 3 818
4659 5 849
9946 3 298
3167 1 993
7123 4 183
2999 1 875
7173 1 511
9041 5 660
2008 5 416
6534 2 169
596 2 912
66 1 525
5343 2 171
531 4 695
1365 3 143
4543 3 84
2708 4 6
5140 3 374
9474 4 238
47 4 933
2446 1 872
4326 3 486
9805 1 338
8921 3 312
7459 4 986
1657 5 205
9333 4 369
1255 3 18
8058 4 346
6513 1 186
3485 1 163
6384 2 500
3492 1 74
9124 3 276
8809 3 181
5530 4 133
2202 1 775
3310 5 745
3858 3 387
6312 1 976
3348 3 175
3024 4 39
5555 2 857
3093 4 299
759 3 709
8359 4 272
437 3 280
7232 4 976
4493 2 415
5194 4 596
5798 5 302
4200 5 918
7115 2 647
454 3 814
9354 2 585
3280 5 781
4814 3 962
6788 4 904
7185 4 316
9289 2 551
3645 5 362
8604 3 439
7931 4 112
7887 3 875
5255 2 253
8114 1 223
6741 5 457
6764 1 651
4035 2 230
264 5 721
9802 1 334
5284 2 994
3065 4 87
3861 4 315
808 5 497
225 1 834
3840 3 56
3079 1 272
5800 3 888
4617 3 628
7778 5 565
654 1 288
9544 3 263
2666 5 723
3923 4 51
4459 5 405
1728 1 872
2931 3 441
2849 2 101
7817 4 342
2292 1 795
4381 5 442
2210 4 266
9891 5 126
7214 5 147
893 5 9
4964 2 87
6122 2 545
953 2 139
7687 4 928
821 5 873
3599 1 813
5388 4 864
6382 3 826
5264 3 134
1280 1 869
1346 2 841
6472 5 872
1742 2 7
5315 5 120
8757 3 441
3144 2 136
8692 1 348
7469 2 126
5259 4 875
4767 1 799
7630 3 282
2822 4 627
8880 5 993
2113 4 911
7346 4 852
6943 2 754
2939 3 384
9651 5 977
4162 1 349
7426 3 334
6724 4 822
8582 4 592
2553 4 195
6495 3 23
1005 4 564
6060 2 355
1680 2 233
4370 1 45
4534 2 979
6304 5 408
3033 5 317
8182 4 662
1366 1 572
5768 2 727
2686 2 169
6286 1 937
4329 3 17
9835 1 195
9487 2 535
9785 4 539
6091 2 749
8085 1 421
5599 5 553
7017 5 338
1560 1 912
86 5 671
3956 2 266
150 5 985
5869 3 851
1977 5 378
4346 4 376
2549 3 674
9123 3 726
2111 2 328
9762 2 763
8609 4 88
5860 5 136
3650 3 685
855 4 925
4194 4 573
631 5 216
409 1 191
9029 5 528
8815 5 325
4604 5 101
8961 1 161
2378 1 784
7820 5 44
6028 2 386
7075 3 457
7791 3 709
9381 4 114
1208 2 432
1972 5 5
9729 1 511
2722 1 809
9785 3 472
1604 2 584
811 5 450
8153 5 677
3867 1 708
5667 5 717
634 3 684
4858 2 385
6990 5 507
7384 4 330
646 1 323
1239 2 918
6484 1 57
9864 2 906
8040 2 275
6968 3 59
4163 5 699
4097 1 118
9140 4 196
8596 4 977
3638 5 559
6606 2 930
5051 4 560
6218 3 426
4496 1 498
5834 2 334
9652 3 692
195 1 237
8225 5 610
8941 2 515
457 5 963
1295 1 637
9227 1 335
8825 2 505
7593 4 586
6602 4 166
8848 5 138
9824 2 802
7589 3 341
3185 3 613
6763 2 601
6362 1 915
3333 1 244
9763 1 398
9946 2 419
5846 3 574
5472 1 937
2047 2 131
7030 2 863
1014 4 409
7388 5 512
6667 1 301
1216 2 134
6828 3 2
8990 2 374
2520 2 705
5358 5 513
9322 5 407
8784 1 900
9706 5 936
1160 2 317
274 2 374
9491 5 87
4657 4 912
312 3 283
2307 5 823
4788 4 17
8340 1 666
2416 4 757
8219 3 131
2722 3 858
7668 3 680
2118 4 232
2695 3 757
3067 2 259
6239 4 47
5001 2 298
6033 3 528
7572 5 744
1819 3 646
838 2 733
1099 3 272
5482 5 706
7456 5 625
2587 2 403
4652 1 276
4953 3 84
2362 4 610
2542 2 914
4464 1 935
5803 3 176
6064 3 865
9937 3 97
6905 3 720
4250 3 325
3350 2 103
5856 2 52
7925 3 500
8199 3 865
2353 4 676
1181 4 862
510 5 724
8332 2 887
6027 5 949
6428 5 503
4011 4 319
2252 5 532
9176 4 147
4468 5 954
4469 1 356
2896 5 389
903 5 696
1892 4 644
417 1 223
5582 1 384
7566 1 542
4142 1 905
2456 1 670
5021 2 717
5210 1 950
2584 2 896
7020 5 262
6402 5 500
5324 1 196
7122 2 515
9112 4 880
8485 2 459
8582 1 591
8190 1 109
7916 5 915
5328 1 669
1010 2 917
630 3 591
850 5 789
2226 2 513
9512 5 161
8743 1 135
5342 5 394
6573 4 931
7969 2 355
8944 2 110
4262 2 159
4636 4 969
8946 1 777
3575 3 323
4528 1 997
1144 5 607
9672 1 479
31 4 86
5015 3 49
8621 2 26
6449 5 163
7302 4 881
5441 4 638
4981 1 568
9669 2 904
7625 5 53
1250 1 122
617 1 622
9163 5 692
9445 2 807
7844 2 979
9126 1 985
5092 2 67
6008 4 584
3681 3 309
5986 5 360
1410 2 457
7908 1 40
5295 5 753
8685 3 13
5079 3 251
1713 1 9
7963 4 306
1367 5 165
694 4 961
6681 5 353
4993 3 219
5836 5 839
5157 5 125
6634 2 970
9019 4 887
1645 5 605
4172 1 564
1485 4 813
7339 4 480
3 3 599
3415 4 881
7259 3 731
9198 3 280
9046 1 151
8891 1 869
694 4 477
6144 1 202
5896 2 450
8417 4 595
7008 2 685
4970 3 61
9135 4 108
8631 1 560
8480 2 836
6163 5 116
658 2 423
7322 5 98
3924 3 542
2086 2 917
8616 5 93
6660 2 377
298 5 925
9924 2 176
2825 2 826
2120 1 375
8919 1 549
3495 3 704
3919 5 14
4644 2 790
3198 1 942
6921 5 702
7933 4 761
5338 1 570
5375 2 416
5977 5 733
2352 3 442
2020 5 165
1158 4 474
8346 3 700
8359 3 747
4745 2 16
9494 3 661
4823 1 743
4466 2 808
69 1 467
1704 4 206
1540 3 820
2881 2 148
685 5 940
6891 2 59
7563 3 290
7307 5 48
4118 2 812
2768 3 755
8258 3 508
4486 1 381
1035 5 738
3385 3 56
6440 4 568
110 4 404
5949 4 800
5461 2 664
1825 3 575
3872 5 244
2122 1 257
2448 1 63
3327 5 131
1736 2 394
2765 5 206
4689 3 637
5242 1 427
9800 5 309
9102 5 757
98 1 354
1738 1 907
7088 4 636
3528 5 679
7007 5 288
4124 5 376
2296 4 795
8607 4 368
2509 5 739
122 3 71
5570 4 318
9934 2 292
9031 3 116
4202 5 401
1539 3 276
5326 2 397
6442 1 429
6966 4 860
7095 1 40
1957 4 967
496 3 148
5875 3 349
5675 3 616
1167 5 301
8669 1 217
9379 5 368
7066 4 448
4493 5 192
4950 3 230
3683 1 472
8814 3 34
1808 3 332
8192 1 596
2931 4 364
8199 4 524
3515 1 354
9533 5 916
7257 3 460
7557 4 4
4851 5 768
5786 2 100
419 3 450
9991 2 363
2385 5 452
543 3 960
4200 3 70
4521 4 924
8448 3 317
586 2 71
4383 4 332
5219 5 733
8164 4 485
8700 3 620
4740 5 26
4602 5 499
5220 3 865
4416 5 21
6956 1 370
4874 4 179
3242 3 779
2707 4 604
1225 1 610
2316 2 480
26 5 727
1771 3 769
6334 2 861
8887 4 683
6884 1 830
5557 3 522
7670 1 816
5435 2 105
7464 4 768
7206 3 195
1839 3 461
9450 3 727
8444 5 916
303 4 658
901 4 417
6676 4 854
9415 5 579
5193 3 901
7442 3 214
7889 2 674
7953 2 170
8940 3 814
557 3 528
2613 1 628
1948 4 736
4316 2 574
4838 2 646
530 2 894
6371 4 108
4841 5 67
9936 1 110
4469 5 35
1748 4 377
8825 2 891
32 4 822
8656 2 362
4430 5 538
5448 4 851
9358 3 140
4676 1 998
3064 1 681
8665 4 83
3248 5 840
4313 4 365
4138 4 263
350 1 354
8196 4 363
2834 4 43
1778 3 719
1815 3 263
3957 4 707
2063 2 503
8550 1 388
3086 5 929
2675 1 53
5298 3 908
8992 2 251
1028 5 72
1680 5 700
9937 5 261
9708 2 833
4954 1 951
2562 4 174
2262 5 258
7143 1 306
2069 5 192
7520 2 446
2077 3 805
145 1 676
1152 1 592
7944 1 718
9068 2 736
626 1 398
3829 1 508
8632 2 915
3877 3 796
1479 1 353
4501 5 292
5368 2 286
2294 4 907
9908 5 574
9956 1 65
3059 5 952
135 4 864
958 3 162
9784 4 256
6184 3 322
2643 3 289
8507 5 691
4228 2 12
9823 3 712
4843 2 983
1342 2 664
7756 4 724
6090 5 912
9838 4 572
1405 4 434
7850 5 717
2246 1 385
8019 5 519
9638 5 393
1503 4 626
7526 4 219
1963 5 948
9847 2 671
6690 3 473
8033 2 59
8497 5 492
2501 5 984
3032 3 945
4451 4 528
9808 1 809
525 3 508
3969 4 43
5094 5 366
9970 2 397
4199 3 638
8358 5 862
6457 2 164
1590 4 739
7696 1 859
272 5 179
660 1 776
113 3 582
9887 2 654
4683 5 637
3161 5 632
5856 5 263
4701 5 966
1174 1 396
4823 2 433
2982 2 782
8725 2 871
1728 3 50
6670 5 65
8399 5 596
6635 2 333
2338 5 70
2112 3 405
254 2 263
7236 1 997
5886 5 44
4756 1 951
6285 5 937
798 3 52
5835 5 550
8610 1 736
9836 2 330
9317 1 241
9034 3 302
8147 1 41
6467 1 51
4571 1 329
4283 5 957
3695 1 496
7889 3 840
4876 3 523
8050 2 830
3024 3 611
1471 5 442
3905 5 8
6685 1 445
7146 4 713
1399 3 256
2338 1 680
2782 5 669
6690 2 333
687 3 254
8439 5 306
1988 4 817
3450 5 100
9937 4 692
4658 1 222
7004 5 964
1332 3 606
4790 4 461
1221 1 714
1101 2 943
791 5 561
7924 2 834
6649 3 27
5950 4 424
457 4 369
1124 3 408
5730 2 997
