307
7712 2 213
2470 3 603
1723 1 542
3109 5 881
1722 3 937
1771 5 622
3709 5 836
2590 4 366
2745 1 307
3464 4 714
9097 1 271
8570 2 264
7696 2 126
4634 1 299
8664 5 579
3136 3 909
728 2 477
3230 5 530
8344 5 846
5469 4 473
1865 5 415
5072 1 462
6751 2 228
6289 5 665
391 1 19
9828 4 471
8787 2 350
8528 5 828
231 1 879
6355 1 329
5800 4 510
1462 1 616
3801 2 705
4430 1 190
9216 1 916
1622 2 227
6072 1 604
9989 4 435
9240 3 910
6692 3 749
1622 3 992
5782 2 140
3495 5 781
6594 4 888
9173 2 84
2229 4 413
5822 2 472
4700 1 204
9174 1 418
9123 5 791
2141 4 539
7990 1 838
4857 2 796
4626 4 524
8728 2 416
1518 4 182
6114 4 116
6705 4 461
1522 1 698
4509 3 644
9263 3 533
7168 5 733
1285 4 865
703 2 553
3424 1 779
7754 3 405
8970 5 13
1633 2 581
2360 5 858
4180 3 588
3736 3 14
9651 5 86
4709 3 637
6974 2 535
9438 3 782
3307 5 371
3768 4 426
1362 3 495
7214 1 471
1626 2 626
6818 5 197
1949 5 536
6736 4 239
5293 5 473
8068 3 712
9144 2 886
6095 5 620
993 1 824
5285 5 479
4774 2 527
6129 5 556
4558 5 106
11 4 234
3815 5 406
5541 3 490
7961 1 232
4560 3 258
7167 3 339
6807 5 334
253 1 799
9979 3 576
6039 4 636
6655 3 325
8670 5 680
6022 4 8
5266 1 48
1273 4 943
2517 1 747
1114 1 216
721 4 926
3804 4 136
8760 5 258
5316 2 28
1903 1 979
6847 4 160
2273 3 786
4998 2 12
4958 2 946
9634 4 720
2720 2 613
6212 4 506
8594 1 11
4503 5 612
3421 5 568
4148 3 177
2962 1 285
9898 5 849
1734 5 1
6605 3 686
2872 4 138
7750 3 201
1075 4 362
9507 2 542
3262 3 891
3961 3 543
4660 5 322
4938 5 21
4915 1 295
9765 2 195
2257 4 190
8602 4 184
459 1 585
5153 1 287
2885 5 485
1845 3 541
3140 1 601
6320 3 848
8907 5 216
4161 5 651
9841 4 333
5711 2 156
6915 1 349
7684 1 895
8275 3 104
9784 4 6
7990 5 983
8351 1 483
5438 5 715
306 4 696
1546 5 854
3927 5 283
7129 5 769
2973 3 960
8241 3 560
565 2 735
8064 2 215
8020 2 898
7246 5 489
1049 5 670
7156 1 780
3164 2 995
2232 4 402
7731 5 102
8633 5 214
2186 3 959
8713 1 739
5982 2 286
1359 2 919
218 3 442
6887 5 364
7683 1 472
140 5 951
8303 3 921
1455 5 758
3608 5 985
6608 1 125
2722 1 385
7304 5 93
182 3 389
3836 2 998
8175 5 906
1875 4 286
6932 1 69
2429 3 136
2750 3 985
5296 4 911
8786 4 783
5548 3 558
8932 4 195
4985 5 474
5433 3 636
9170 5 897
6006 4 86
4086 4 396
176 4 574
3000 3 867
8582 1 795
8309 5 223
6986 5 217
4180 3 71
4910 5 704
1638 5 337
885 3 771
7401 1 180
1526 4 893
3493 1 848
4725 5 970
9795 1 323
7471 4 207
3654 1 801
9824 2 801
9922 4 717
3520 3 712
650 2 504
4097 2 776
2850 4 455
3231 5 682
2261 1 953
8941 4 324
413 4 206
2819 4 630
2489 4 484
4541 1 640
811 1 966
9865 4 739
7621 2 192
5861 1 409
6639 2 114
4990 1 476
6875 5 742
3987 2 174
8009 4 435
6715 5 654
3288 2 699
9205 5 866
1157 2 426
3319 1 905
4287 3 366
9103 5 603
2802 2 559
1700 3 809
5833 4 838
7 3 629
8999 2 56
1218 5 905
8739 4 556
5726 2 921
9541 4 72
5002 5 701
7624 2 370
7413 3 283
620 4 447
8810 1 710
3986 5 569
582 2 640
412 5 992
7893 2 594
5516 1 151
2041 5 359
5471 2 534
5407 2 136
1991 2 527
2917 1 315
4024 2 470
7624 5 505
3091 2 983
2959 3 845
1343 3 66
506 4 745
287 4 381
579 4 549
856 3 700
9926 2 538
8988 4 919
5542 3 686
7648 4 166
1068 1 507
6422 1 739
1883 4 542
9851 2 206
5348 4 369
4129 5 949
4298 5 176
3293 3 611
6516 1 583
4606 3 767
1378 3 197
8227 2 14
1785 4 864
2833 5 149
6149 2 124
4073 5 550
6310 2 87
7251 2 940
373 3 142
949 4 666
7775 4 955
2464 4 231
8601 5 651
1720 1 678
3046 5 233
2687 3 420
1378 1 204
5869 3 459
5214 5 619
5034 3 477
2858 3 617
4216 5 770
1292 3 156
401 2 181
4955 2 824
1644 5 340
8521 3 452
8419 3 369
6527 4 837
9479 4 219
6062 3 51
6715 2 555
5801 3 490
4135 2 356
6232 2 450
2906 5 917
7290 2 235
5191 3 459
7066 2 157
9683 2 902
2846 2 515
9119 3 646
5382 4 589
3070 5 467
9662 5 302
189 5 889
5044 2 445
6628 1 324
5170 2 368
4010 1 860
2491 4 373
635 4 423
3727 5 820
7925 1 650
6499 5 776
3438 4 352
5299 5 780
1921 5 266
4640 1 748
4863 2 800
3050 5 616
5655 3 257
5327 5 341
7686 4 727
4300 3 683
5308 5 582
4463 4 48
6429 4 470
6930 2 7
1060 4 760
60 2 954
1428 2 902
1980 1 343
2493 4 260
847 1 490
2975 2 18
1569 5 94
8188 3 340
1426 3 745
400 5 486
7090 5 198
4102 4 89
1985 3 24
4034 1 447
2264 5 363
7700 1 142
3985 3 350
2095 5 555
3248 2 688
6000 3 415
4890 1 743
1243 5 847
303 4 681
9115 5 973
4531 5 986
516 3 439
4500 5 672
648 4 802
5884 2 252
1216 3 369
6921 2 890
2604 3 384
3409 1 895
8072 4 97
283 4 669
5608 2 792
1045 5 199
2880 1 126
8308 5 656
769 1 740
677 2 257
9602 3 31
2991 3 777
4797 4 436
4550 2 629
8012 4 807
7155 3 137
6570 5 869
2290 5 938
174 5 584
3757 1 21
5687 5 124
8523 3 962
41 4 441
2865 5 922
5898 2 554
3423 5 98
7260 4 700
6324 4 318
3861 4 914
3405 3 834
4757 2 7
2547 5 285
4853 2 526
1356 4 20
3440 3 27
3269 1 487
5041 1 618
4777 5 221
6145 1 206
9516 1 357
5339 3 349
478 5 207
1710 4 720
5791 4 596
2003 1 664
7976 2 26
588 4 390
7645 1 961
2674 2 100
5432 3 723
8026 3 273
9819 5 848
8166 2 391
7384 1 779
9956 5 808
8115 4 557
4960 1 536
9627 3 144
5023 2 111
4633 5 29
2397 1 928
4129 2 615
9969 1 479
1165 1 126
8628 2 525
3543 1 962
286 1 538
7469 2 957
9228 5 649
1849 1 283
1692 1 203
707 1 286
8906 1 652
4568 3 823
6809 3 939
7588 5 540
324 1 209
391 2 807
7157 3 960
2182 3 781
1909 3 666
125 4 746
6216 3 10
4275 3 869
4580 3 210
1307 2 573
3500 4 165
1867 3 109
2611 2 270
1267 5 432
1021 3 241
5631 4 383
4921 5 31
502 2 1
3628 2 147
8089 4 406
9696 3 40
4756 2 476
7138 4 159
6133 3 563
893 1 517
3273 1 167
1737 4 932
9598 5 127
9584 1 424
1948 3 390
6917 1 697
7679 2 710
7859 3 573
7616 5 755
1324 2 620
5476 5 16
355 1 433
3464 4 629
2159 4 576
3073 5 329
9392 3 626
4452 3 99
9189 5 493
4928 4 765
8737 5 156
2059 4 691
8376 3 773
9737 4 579
4618 5 603
3067 1 559
6569 2 358
7674 3 484
9939 3 15
4165 4 91
1730 1 656
3918 5 221
598 3 448
6067 3 379
3040 3 357
9833 4 294
6796 5 750
6117 4 524
3236 1 768
2395 2 978
7214 3 152
8316 3 139
3022 4 445
6113 3 851
7311 1 304
6223 5 788
634 4 869
7213 3 504
3768 4 99
7797 3 270
55 1 401
3280 5 769
8138 5 521
3949 4 931
1786 2 764
35 3 742
4030 1 878
3120 2 889
4061 2 290
5837 5 927
2852 4 312
2077 2 232
5467 1 481
9126 5 336
3842 4 110
5665 2 582
9870 3 352
3961 3 945
1140 3 47
2415 1 75
7111 4 186
1099 5 211
1553 3 470
7747 4 393
5667 4 127
7806 1 462
4949 2 263
142 3 941
2022 1 278
8734 3 68
3661 3 434
2022 3 645
4179 3 505
345 5 230
9025 4 812
2969 2 731
2978 3 351
8680 3 328
8816 5 93
4249 1 919
7567 3 328
8513 2 910
795 3 146
3454 5 360
4005 2 607
4533 1 690
3590 1 580
5858 4 32
8495 5 168
9261 2 339
773 3 229
4225 1 595
6483 5 557
6996 5 351
7211 4 386
4328 2 447
6685 1 721
9008 5 658
7233 3 263
2830 4 42
1149 4 697
9330 1 742
8776 5 836
4099 4 410
9231 3 269
80 1 25
1919 2 531
