752
4038 2 351
9068 1 866
963 5 65
5215 1 202
6808 4 586
3799 4 542
2883 1 702
3254 4 872
1099 5 197
2220 5 948
4681 3 664
2173 3 648
2768 5 790
1962 5 229
369 5 655
8515 3 733
9622 3 548
6231 4 191
100 5 907
6837 1 196
778 4 712
1381 4 213
5981 4 775
3764 3 268
6194 2 11
872 2 539
7174 5 99
4870 3 378
5888 1 375
2185 2 859
2470 5 917
4601 3 66
8019 1 320
4048 5 754
4474 3 397
6639 3 296
2577 2 165
4567 5 129
8232 1 131
6930 1 564
5159 1 538
3208 2 364
4311 5 49
541 2 814
6609 2 695
7115 3 245
3448 3 179
5299 2 545
8800 1 924
2679 3 395
1155 2 345
8523 3 371
7116 5 186
2108 4 987
708 3 742
2113 2 339
3985 5 144
1142 1 332
8298 2 932
5367 3 390
8985 5 689
9303 3 291
7783 2 797
8060 3 312
7535 2 839
786 5 338
9222 4 146
3343 3 48
3201 3 888
27 4 926
8258 5 413
6957 4 259
7711 4 5
1944 5 566
4487 1 911
6958 2 436
1800 1 388
9967 3 902
1271 3 891
2561 4 732
3105 2 546
8333 2 188
8268 4 506
3211 2 751
9076 5 90
5971 4 991
4741 4 200
3990 4 813
8348 3 857
8083 5 657
4428 1 812
6656 3 125
619 2 485
2340 1 780
2548 2 4
6800 5 935
3608 1 107
8352 3 44
5962 5 339
7608 2 457
9486 2 523
8425 5 207
2415 3 883
715 4 638
5509 5 922
3802 1 658
6673 1 370
6919 5 395
4699 3 267
204 4 265
3937 2 980
2324 2 821
7407 4 461
5185 5 329
6744 4 588
1914 2 343
4574 5 87
4469 2 259
7397 1 254
1973 3 573
9578 5 261
385 4 383
2753 1 702
5173 2 924
649 3 862
417 1 113
4119 2 180
5009 4 910
1770 1 905
8234 3 64
380 4 38
8624 3 529
5765 3 754
5996 5 42
3896 2 786
9934 4 792
6718 1 955
4668 1 928
6806 5 357
3401 1 778
97 4 340
2027 1 148
9184 2 576
3944 2 177
7749 4 22
3830 5 633
3214 1 319
2707 3 660
7858 4 149
9392 5 833
3750 1 216
8010 3 583
3497 3 618
9158 3 720
2129 2 663
5189 3 185
7264 2 362
6080 3 120
9657 4 739
3631 2 522
3399 1 402
5562 1 927
729 2 786
5139 4 455
1576 3 797
8375 1 805
4862 5 145
8196 4 343
8719 1 924
946 3 311
5712 3 804
980 3 571
844 4 757
4230 1 890
5442 3 197
9073 4 532
28 3 831
6220 2 534
9884 4 708
5709 2 164
1471 4 608
8963 4 389
8638 4 562
1454 1 873
874 3 909
7309 4 991
6537 3 336
2520 5 47
255 3 585
8520 5 728
380 1 493
8598 5 570
9780 2 726
1609 3 209
9296 3 772
4224 3 850
6417 2 149
7457 3 227
1579 2 242
1624 1 108
5921 3 564
9083 3 894
6531 2 931
9380 5 155
1048 1 756
7839 2 862
2183 5 300
961 1 625
1327 4 934
3898 2 198
1398 3 141
4246 1 44
718 5 152
8432 1 17
1940 4 295
4525 1 115
2478 3 256
6542 3 372
4746 1 812
6130 4 33
9865 5 607
3217 1 432
5946 5 58
6117 3 802
5053 4 433
5367 3 567
3287 1 945
4859 3 445
3618 4 680
6979 5 651
7037 5 193
8705 5 938
9858 3 843
9411 4 242
4359 4 530
6816 5 812
4969 1 370
3419 1 434
1112 5 943
5134 1 715
5764 3 739
3270 1 809
8588 4 279
90 3 497
4036 5 707
2786 4 665
6931 2 702
7816 5 259
9563 2 349
4211 5 628
9248 5 529
1043 4 822
6700 1 273
220 3 160
9168 4 158
9317 4 977
5839 1 38
9979 1 931
7471 4 649
5325 4 794
7473 4 831
9087 4 481
3866 2 95
3861 4 194
3918 3 963
6852 5 236
6711 2 376
968 2 727
5689 3 716
265 4 485
8659 1 5
2498 1 928
9992 4 429
9744 2 655
2443 5 298
7671 2 370
9064 3 504
1452 4 368
4020 2 504
1667 2 749
8185 5 657
3753 1 163
1881 4 72
3139 3 501
9622 4 674
2124 5 525
9775 2 526
267 2 60
6885 5 252
2894 1 307
6255 5 189
2926 5 715
3925 4 398
1760 3 335
9864 1 377
2679 4 37
8561 1 462
1147 3 974
1945 4 302
6577 1 862
8608 2 848
1431 2 540
52 2 331
7991 4 379
3202 1 39
7095 5 657
49 4 530
7306 5 254
5953 3 260
9954 1 290
5667 4 550
5037 2 13
1642 5 619
8798 3 535
4842 1 81
8955 3 654
6911 3 417
4851 2 55
6537 1 793
6126 5 355
8904 5 28
8658 1 585
6967 5 570
982 3 933
7941 2 363
8176 4 64
164 2 289
6240 4 278
7309 1 598
9670 2 899
4888 4 793
858 4 573
5590 1 748
3425 3 819
9768 4 162
4675 5 489
5674 3 769
4501 4 917
9292 4 147
8464 3 736
1809 3 238
3605 5 476
883 4 490
9583 4 931
8905 1 434
1823 5 62
315 3 905
8813 2 189
3713 3 487
2238 3 433
6800 1 653
2397 2 247
8510 1 392
8874 2 858
3684 3 786
2079 3 803
2106 4 959
9971 1 645
1444 1 978
4397 1 976
4853 4 158
936 1 37
8638 3 545
9270 3 407
3107 5 927
4491 5 581
8758 5 913
1106 5 102
960 2 577
6429 5 570
9531 3 540
304 5 466
4802 1 107
2998 3 810
2459 3 948
8491 1 601
593 5 702
7928 1 227
2943 2 321
9803 4 297
4355 1 492
9681 5 450
3905 5 583
4262 5 571
5569 3 177
5814 5 232
7145 4 41
9473 2 916
269 4 338
4696 2 12
9376 4 250
9438 1 824
5549 1 475
9081 3 912
3612 1 553
95 2 661
6168 1 891
7018 2 483
402 4 528
7216 1 350
2763 5 317
3672 4 605
4557 2 557
1729 3 8
2722 4 184
300 1 111
9164 5 321
7563 5 962
6189 2 241
2272 3 542
8741 3 863
1795 4 410
3954 5 520
492 2 529
5480 4 276
6401 5 404
7219 4 488
7768 5 242
8237 3 790
8448 1 278
2368 1 580
8243 1 131
1755 4 77
8043 1 639
1456 1 17
4869 1 650
7819 2 175
3481 2 906
3614 3 157
6992 5 851
4144 5 961
7145 5 41
7908 2 579
5235 5 518
6115 5 7
6113 5 788
3487 1 356
326 5 950
8395 1 652
232 3 956
5184 3 644
4859 2 402
70 4 368
333 2 815
2643 1 448
9964 3 514
8354 3 876
9496 2 363
7397 2 386
7069 3 980
630 3 797
8221 1 188
2329 1 780
5571 1 832
7034 2 913
8004 5 993
9553 2 50
6018 5 322
6100 4 102
1413 3 441
2088 2 33
2989 3 735
8122 2 577
3695 5 108
9136 1 332
5587 2 796
7479 2 663
6864 3 128
5491 4 631
1362 5 295
6058 2 392
8155 5 300
3301 1 442
2759 5 899
4905 1 550
9192 3 387
2110 5 137
5716 1 500
9347 2 796
6136 5 548
4116 4 643
1546 3 928
6838 1 139
4484 4 769
269 5 770
2455 4 126
3147 3 896
3507 1 682
9877 2 846
9040 2 476
5533 2 509
4463 3 995
9438 2 765
314 5 205
6552 5 360
9438 5 20
5795 3 537
2710 5 44
1909 5 420
3218 3 235
9768 3 136
9091 3 20
6419 3 514
1255 4 62
1185 4 716
137 3 399
8441 2 72
4835 2 278
2202 1 113
8985 2 393
8837 5 17
9588 3 347
8775 5 304
8089 3 12
3857 3 599
1266 2 770
8447 2 859
5842 4 80
7557 1 238
9852 3 40
664 3 393
1213 3 210
7435 5 892
6201 2 561
9443 4 805
7681 1 182
429 2 214
4008 2 23
1645 3 424
827 3 58
63 2 208
5665 5 494
8025 4 138
449 4 346
7168 4 220
5271 3 933
72 2 705
1468 3 131
3434 4 862
7307 2 804
9448 5 103
1094 1 2
9391 1 603
9501 3 784
5391 5 671
4529 2 144
939 4 705
4434 1 818
1806 4 781
2634 2 185
2363 3 72
163 1 530
7314 2 361
2444 1 47
5673 2 933
815 5 338
6197 1 57
5656 5 347
8980 5 55
9862 5 539
2310 3 890
2260 1 727
920 4 961
4851 5 487
4192 3 462
1521 1 103
3927 4 523
8259 3 771
5952 2 31
8282 1 511
5041 4 440
4492 5 992
8939 5 265
8953 2 378
7757 4 85
2770 1 991
1150 4 23
6234 3 55
4832 5 584
9513 5 619
3208 3 21
7815 5 772
8342 5 278
8559 1 60
5289 5 857
6190 2 806
2752 4 549
6446 3 564
977 3 327
5009 4 61
8067 3 923
8704 3 926
1150 1 590
7620 5 463
820 1 147
4574 4 555
3541 5 698
6936 5 791
2248 1 891
8200 1 204
2142 1 706
2425 3 426
5189 3 877
1163 5 960
6002 2 387
9088 1 321
9021 5 360
4546 2 883
84 2 385
6987 4 469
7459 1 33
2785 2 168
2754 3 204
3038 4 813
5152 1 867
5154 1 383
9171 3 430
2416 5 81
2533 2 629
5723 1 128
2247 5 760
2 2 241
9681 4 56
2887 1 971
1181 5 127
2554 4 230
8756 1 162
9568 5 170
7050 5 59
3508 1 669
8308 3 299
774 2 489
309 4 586
1043 4 568
4194 2 664
2884 2 703
9321 5 462
1471 1 313
4968 3 215
3140 3 567
7778 3 695
2926 5 456
4357 1 138
1865 2 697
2132 1 400
628 4 872
1601 4 449
6267 3 224
8355 2 371
8717 1 419
872 5 745
8728 4 554
970 5 71
6356 5 637
5239 4 859
1715 2 183
7559 3 827
9928 2 679
3189 4 883
3734 5 269
3186 5 204
4446 5 824
9645 4 313
3439 2 648
6174 2 628
6711 1 527
7747 5 277
5893 4 516
4900 4 836
2259 5 675
4144 5 365
8412 1 839
9191 4 442
2805 3 289
7764 4 874
1177 2 942
7736 4 69
3950 1 807
7040 5 79
4395 4 952
6073 3 155
1453 1 563
9630 2 571
709 3 323
6811 2 318
204 2 338
11 3 315
3043 4 292
380 2 46
836 1 375
3336 1 256
7600 4 534
7301 3 400
80 3 962
1905 3 810
8961 1 283
8814 4 145
266 1 770
4363 3 63
5613 4 480
6220 4 427
4201 5 979
9075 3 30
1405 2 367
4636 3 456
8194 3 696
569 4 948
9634 1 436
4182 5 209
3825 4 398
428 4 315
7645 2 732
846 3 852
2331 1 721
8906 4 133
3408 2 448
5415 4 262
4256 5 980
9706 4 341
2938 1 660
6789 1 963
9460 4 78
1406 5 915
2814 5 440
7340 2 609
235 2 960
3852 2 141
787 3 197
2445 3 292
4494 4 966
3020 1 310
3187 1 850
1081 5 26
1537 4 654
6677 1 438
2656 2 916
4755 2 4
4777 3 875
5765 2 745
2820 1 775
2056 1 657
6739 5 697
1256 5 359
9902 3 942
3194 1 321
5748 5 341
8984 3 448
4984 3 520
324 3 342
3516 3 707
1360 3 146
2376 4 315
6333 2 74
3223 3 204
207 2 375
9396 2 891
5177 5 251
7693 5 658
5268 5 611
3554 1 196
721 3 802
6748 5 755
4366 5 180
8293 1 532
5028 2 53
7423 4 640
3774 4 469
5688 1 516
8966 3 457
4663 1 228
9964 1 594
7603 5 377
2572 5 769
8911 3 921
7460 3 72
7225 2 294
3875 3 692
1139 1 959
5282 4 509
7517 2 194
2447 3 497
5091 5 982
9376 2 952
5249 1 674
3190 2 352
6209 1 434
9778 2 923
3554 1 918
940 3 321
3266 4 389
1085 5 539
4046 5 224
1147 1 470
7756 3 363
7000 5 971
1275 4 652
3675 2 910
6268 2 591
8359 3 44
6639 1 580
2065 3 578
2424 4 904
2779 3 12
2963 3 937
7563 1 695
4508 4 841
6248 1 816
9921 1 955
4767 2 781
1750 3 509
6063 5 410
7671 2 769
4248 3 925
3580 1 325
3839 5 632
7099 1 171
7617 2 492
5117 5 340
335 3 983
4625 4 191
5554 5 74
444 3 438
1564 4 310
4032 5 802
3791 4 212
3123 3 218
7602 4 341
816 1 567
8340 4 37
7521 3 730
5805 2 825
9420 1 814
3595 1 863
273 2 20
6066 1 167
7935 4 129
6404 3 141
5090 1 736
4764 5 884
6181 3 549
6716 3 110
2560 4 351
6363 3 28
2633 2 754
5002 3 988
3460 2 190
4751 5 20
2264 2 552
7202 2 553
5473 4 4
7585 1 789
8001 2 992
5861 4 857
53 4 491
1504 1 702
7367 2 508
5851 2 915
3181 3 417
8413 1 647
5578 4 544
6660 1 890
3491 5 455
5076 2 395
1076 5 40
2450 3 940
317 5 19
2798 2 647
6767 1 633
1864 1 665
4957 3 197
8985 4 260
3413 2 332
8004 3 148
8275 1 348
6241 2 649
789 4 31
9911 1 597
7392 4 95
5769 4 282
460 4 55
4081 1 346
1133 5 8
8999 3 87
79 3 674
2839 1 390
644 2 929
682 3 858
9935 1 282
1311 4 610
957 3 451
9288 4 849
8191 2 733
9881 4 110
1752 3 698
8234 2 855
9595 1 402
4442 3 15
5543 3 638
1590 1 31
7744 2 214
560 4 650
9391 2 924
2341 3 172
3216 3 374
5492 4 721
3258 4 390
1387 1 806
6565 4 274
3497 3 54
6130 5 320
7627 5 317
2896 1 76
7048 2 604
9632 3 477
9740 1 37
8502 1 471
1645 5 947
4404 3 598
2630 1 288
5545 3 347
4443 1 473
2992 4 449
689 3 369
908 4 265
2773 2 216
541 5 100
2109 1 399
5403 1 515
7908 2 180
9367 1 415
9441 3 189
6740 5 373
5234 5 33
6534 2 673
2201 3 217
1612 3 607
6809 4 83
6724 4 140
4979 3 800
3288 3 836
2981 4 460
6428 1 911
3189 1 388
7649 1 926
9364 2 266
1067 4 566
904 4 505
6037 1 990
9940 5 881
6050 2 709
1459 1 578
4933 4 646
3245 2 351
8217 5 230
3338 4 811
4357 5 767
3186 1 469
1518 3 546
5748 4 865
9388 2 473
7670 4 545
5820 1 825
2813 4 517
9791 4 828
3262 4 516
1218 4 809
5805 2 743
7339 5 507
189 1 996
2608 4 431
410 1 534
3702 3 415
120 1 108
7160 1 281
596 3 951
9666 5 726
3842 5 299
4602 3 831
7276 4 938
9618 5 330
466 1 142
1219 2 899
1643 1 995
1548 5 85
2494 5 952
4651 1 849
2186 4 125
632 2 62
7613 5 345
5617 4 326
7991 3 681
2167 3 91
5486 2 690
7265 5 224
5511 2 734
5732 5 266
4006 3 474
4167 3 299
6717 4 396
2511 4 558
8182 5 152
8606 2 284
9454 2 971
1006 5 427
2818 4 680
3410 4 172
6733 3 835
5733 3 682
7958 2 582
1356 4 87
6922 1 864
492 3 299
9601 4 602
2497 3 954
788 1 640
7906 3 978
5878 1 217
3252 1 39
4569 2 400
339 3 543
8595 3 408
7867 4 84
1762 3 585
7964 4 563
7096 1 41
3147 2 605
1453 1 777
4704 3 459
3066 2 373
9724 1 727
8356 4 913
5762 4 544
2993 3 457
3047 1 439
7195 1 486
5966 1 917
9860 3 48
309 5 933
9607 2 818
3399 3 862
6879 4 90
9034 4 667
5767 3 768
3897 3 79
5922 2 432
6027 4 185
8079 2 857
1978 4 635
7243 3 457
1236 2 137
5625 1 470
7084 4 769
838 1 410
7194 3 175
673 4 970
4677 4 613
1311 4 739
2176 4 412
7677 4 216
6865 3 880
7930 2 331
729 5 324
9496 4 364
5133 4 98
7328 2 967
1162 4 449
94 2 262
3878 4 791
1679 2 864
8813 3 185
9347 5 60
4134 5 441
5930 4 740
8817 3 885
2057 4 4
2136 4 334
3884 2 877
3539 4 571
5183 5 820
9511 4 520
4134 1 112
2940 2 164
502 5 990
8101 3 145
6959 4 464
5114 5 927
225 4 178
1816 5 210
9223 1 228
18 2 89
2598 4 772
5906 4 521
7372 3 921
6094 4 844
947 4 57
1265 3 379
3363 2 78
1957 3 214
7853 1 220
778 5 831
596 1 520
6068 1 432
669 4 456
2380 2 502
4387 2 78
1223 4 71
1798 3 404
9308 2 153
3690 3 655
7638 4 637
3563 1 651
8314 3 207
1583 1 901
2737 4 998
9069 4 470
5720 1 671
1890 1 146
1164 2 520
1904 5 337
9258 4 235
1697 5 194
3725 5 882
357 4 554
4312 4 240
3092 4 851
2736 5 514
8503 2 588
3832 3 307
1605 3 402
7931 1 812
4308 1 708
6917 1 529
4176 2 169
4537 1 681
1644 1 889
8389 3 564
7717 3 390
7017 4 656
5695 4 792
9874 4 548
6667 5 693
8019 2 266
8626 3 603
2125 5 299
5317 2 193
8645 5 614
2983 4 105
8803 4 139
9228 2 313
2983 2 781
1461 4 444
9685 5 184
9801 4 90
621 3 198
5133 2 546
1761 2 21
4502 1 96
1805 1 435
6937 3 71
9212 2 371
2010 5 525
514 1 211
8618 5 772
500 3 941
5493 4 472
7923 3 389
689 1 363
693 2 75
3247 4 984
6922 2 224
3376 3 648
8125 3 634
7239 4 375
1542 3 230
2688 5 984
8659 2 589
7821 4 500
9001 1 517
3650 1 420
3553 1 176
6221 1 234
3897 1 527
4344 3 410
1589 4 578
6744 5 310
2189 5 649
3333 3 705
3722 4 621
4191 5 946
5512 3 163
9118 3 861
9765 5 479
9895 5 279
4905 5 266
8739 4 680
8105 1 354
4325 3 164
807 3 197
3734 5 690
8413 5 595
5403 5 780
134 5 223
9233 2 277
3534 2 287
3829 1 370
1838 3 45
9210 4 348
1316 1 828
110 1 743
1358 2 522
3253 4 540
1331 1 774
2313 4 67
6529 1 145
8157 5 186
8405 5 778
968 4 189
385 3 608
2517 5 16
9876 4 55
3420 2 734
5248 4 881
908 1 637
963 4 816
8094 1 961
2040 4 913
4352 2 153
4738 1 187
7956 1 692
7297 1 531
4033 3 965
4377 5 383
8637 2 720
6692 3 600
3702 2 28
5853 3 28
6346 2 860
4425 3 950
2295 4 66
81 1 751
7138 1 808
8752 5 487
3663 5 871
5123 2 727
4392 4 653
2714 4 322
9849 5 577
3611 4 342
1464 4 559
5215 5 773
720 2 633
9754 5 42
5525 2 259
2741 4 947
6432 2 465
1499 4 574
3039 3 431
3457 5 874
1514 3 292
4252 5 308
8975 1 36
2321 1 261
9167 1 827
9428 4 235
1908 3 876
7611 5 619
9079 2 734
9817 5 505
2727 4 981
1596 4 146
4239 4 299
6879 5 173
4443 5 107
9935 5 523
2080 1 121
3265 3 572
8676 4 732
165 1 793
4470 2 773
6142 4 412
600 1 888
266 2 863
6703 4 805
6712 3 49
2872 5 301
2408 2 246
6217 5 988
8367 2 236
1615 3 435
1102 1 923
6146 5 945
29 3 595
4817 5 436
4461 5 130
6220 4 428
1363 1 913
3115 3 677
6856 2 55
260 5 15
2419 3 436
1020 3 541
6205 4 454
3758 1 434
3297 1 633
142 4 487
7726 2 985
4084 3 921
7502 4 240
1100 3 439
5293 2 612
6778 2 88
8440 5 829
3329 5 677
2378 1 865
7570 2 410
5426 5 230
3103 4 846
838 3 825
4364 2 188
5202 5 310
9103 5 765
736 1 175
7590 4 207
7742 4 33
6231 3 132
8618 2 17
5271 2 878
3370 3 868
9729 3 371
5472 5 706
3049 5 220
5617 1 949
9101 3 892
7483 5 349
1039 1 342
8199 3 304
1830 5 873
6408 3 400
3180 4 494
2555 5 438
7864 4 903
7327 2 904
7886 2 405
9792 4 457
1714 5 360
4272 2 946
5770 3 496
4480 4 906
2901 5 800
161 3 392
5179 3 148
9853 4 75
2589 2 743
2107 1 384
4787 3 719
2768 5 98
2436 4 782
7511 2 540
5653 4 336
3035 5 534
8747 3 718
1269 3 548
3117 1 949
3483 4 81
4128 1 966
42 4 27
464 5 339
3773 2 667
5507 2 237
3335 3 693
726 3 619
5956 5 145
254 1 317
7363 2 810
6644 4 894
8970 4 338
270 1 110
1667 2 739
7802 3 511
2841 1 306
7651 4 167
4014 3 888
5802 5 654
2142 2 549
4438 5 23
5322 1 488
808 5 705
2345 3 282
7416 4 549
2107 2 713
5239 4 686
3396 3 622
1388 4 783
8691 2 277
6568 1 305
7527 2 977
7616 2 517
1610 1 302
4524 2 50
8814 1 318
1089 3 930
1461 4 786
2523 3 744
350 3 65
7080 4 493
2248 1 745
7970 5 80
3420 3 248
4420 5 234
5875 3 741
109 2 444
2675 3 438
2085 5 429
1192 1 394
189 5 375
9732 1 324
7139 3 312
7854 2 81
2426 4 100
2981 4 348
159 2 887
6181 3 441
4167 5 916
3441 4 561
462 1 519
1215 4 164
9746 4 783
4565 4 648
5947 3 449
1549 5 977
7070 2 431
692 2 418
8579 1 826
2709 1 480
2539 4 718
9301 3 462
7829 2 342
6470 1 423
464 2 115
2877 4 110
1050 5 122
5584 3 743
2351 3 806
2196 4 381
7115 5 869
105 1 303
5524 1 769
1711 3 368
1723 5 671
2876 1 979
6179 3 703
6975 5 169
9070 4 57
2788 5 797
2269 1 103
753 4 914
2103 3 942
1672 4 88
2349 3 254
7269 2 902
1058 3 253
4887 2 764
8451 4 378
7809 4 853
7166 3 808
6541 3 157
8029 1 971
411 1 610
1684 2 263
4767 3 268
8312 4 141
1135 2 621
1828 1 432
4755 2 314
7174 3 876
219 5 437
1135 1 873
7660 3 65
2224 1 614
2351 3 716
2278 3 631
6936 3 753
132 5 483
216 2 867
2272 2 498
7360 2 496
3457 3 274
9887 4 518
5175 2 765
2482 4 205
7163 3 211
3057 1 342
3762 5 601
6217 4 541
8874 2 688
9567 4 785
7359 4 514
7062 4 615
4483 3 815
3973 5 743
5479 3 905
1426 1 150
2191 2 96
6256 4 896
