77
951 679 117
591 535 577
747 536 940
283 885 582
297 830 702
590 347 558
655 508 834
606 488 989
132 537 72
996 877 11
628 215 343
889 277 888
766 42 447
186 434 852
668 754 718
464 41 580
268 726 596
966 479 671
793 411 308
529 313 442
542 913 724
669 612 771
177 645 66
901 272 195
877 96 34
787 65 614
940 725 687
183 249 745
368 253 508
555 939 743
172 879 718
23 81 773
462 337 807
91 577 108
108 713 176
427 352 722
186 883 624
250 472 533
310 287 896
428 357 612
462 960 434
984 112 948
956 80 874
450 165 273
259 353 318
300 383 194
510 91 446
717 71 939
450 124 928
815 420 858
395 844 908
796 464 903
431 190 564
8 85 780
658 105 90
235 860 935
147 319 836
545 387 448
779 429 217
182 613 597
469 244 759
810 673 875
249 691 186
854 461 58
58 291 665
691 95 773
887 356 997
824 617 882
320 655 921
849 437 718
635 360 809
176 108 197
97 64 295
995 847 706
409 143 342
432 528 177
170 855 966
783 675 83
423 204 636
994 846 648
54 829 317
54 153 576
720 600 714
559 965 409
712 427 775
106 46 53
639 822 846
877 107 947
191 515 473
671 646 818
899 306 873
682 233 946
102 736 703
786 615 630
258 588 452
191 235 58
475 102 477
639 948 34
962 865 676
960 419 800
433 964 295
812 433 871
140 824 690
141 552 82
759 800 672
49 71 358
972 558 276
319 83 365
545 350 899
468 274 127
771 268 115
169 735 901
290 229 847
826 275 399
883 717 687
345 848 816
136 787 350
384 130 673
480 50 818
487 79 98
134 66 426
790 37 418
64 264 151
142 340 161
235 437 490
13 803 645
819 319 900
729 15 380
276 464 247
12 846 887
133 788 946
533 992 735
205 451 604
944 421 955
584 222 458
825 666 714
744 805 926
274 268 775
703 929 210
712 291 680
689 462 456
174 689 162
210 587 576
385 206 211
530 327 594
411 567 843
312 965 216
317 911 473
428 764 765
646 132 926
954 657 514
755 293 770
386 868 643
359 645 444
